3333 3
       1, 1, 0.0
       1, 2, 0.0
       1, 3, 0.0
     102, 1, 0.0
     102, 2, 0.0
     102, 3, 0.0
     203, 1, 0.0
     203, 2, 0.0
     203, 3, 0.0
     304, 1, 0.0
     304, 2, 0.0
     304, 3, 0.0
     405, 1, 0.0
     405, 2, 0.0
     405, 3, 0.0
     506, 1, 0.0
     506, 2, 0.0
     506, 3, 0.0
     607, 1, 0.0
     607, 2, 0.0
     607, 3, 0.0
     708, 1, 0.0
     708, 2, 0.0
     708, 3, 0.0
     809, 1, 0.0
     809, 2, 0.0
     809, 3, 0.0
     910, 1, 0.0
     910, 2, 0.0
     910, 3, 0.0
    1011, 1, 0.0
    1011, 2, 0.0
    1011, 3, 0.0
    1112, 1, 0.0
    1112, 2, 0.0
    1112, 3, 0.0
    1213, 1, 0.0
    1213, 2, 0.0
    1213, 3, 0.0
    1314, 1, 0.0
    1314, 2, 0.0
    1314, 3, 0.0
    1415, 1, 0.0
    1415, 2, 0.0
    1415, 3, 0.0
    1516, 1, 0.0
    1516, 2, 0.0
    1516, 3, 0.0
    1617, 1, 0.0
    1617, 2, 0.0
    1617, 3, 0.0
    1718, 1, 0.0
    1718, 2, 0.0
    1718, 3, 0.0
    1819, 1, 0.0
    1819, 2, 0.0
    1819, 3, 0.0
    1920, 1, 0.0
    1920, 2, 0.0
    1920, 3, 0.0
    2021, 1, 0.0
    2021, 2, 0.0
    2021, 3, 0.0
    2122, 1, 0.0
    2122, 2, 0.0
    2122, 3, 0.0
    2223, 1, 0.0
    2223, 2, 0.0
    2223, 3, 0.0
    2324, 1, 0.0
    2324, 2, 0.0
    2324, 3, 0.0
    2425, 1, 0.0
    2425, 2, 0.0
    2425, 3, 0.0
    2526, 1, 0.0
    2526, 2, 0.0
    2526, 3, 0.0
    2627, 1, 0.0
    2627, 2, 0.0
    2627, 3, 0.0
    2728, 1, 0.0
    2728, 2, 0.0
    2728, 3, 0.0
    2829, 1, 0.0
    2829, 2, 0.0
    2829, 3, 0.0
    2930, 1, 0.0
    2930, 2, 0.0
    2930, 3, 0.0
    3031, 1, 0.0
    3031, 2, 0.0
    3031, 3, 0.0
    3132, 1, 0.0
    3132, 2, 0.0
    3132, 3, 0.0
    3233, 1, 0.0
    3233, 2, 0.0
    3233, 3, 0.0
    3334, 1, 0.0
    3334, 2, 0.0
    3334, 3, 0.0
    3435, 1, 0.0
    3435, 2, 0.0
    3435, 3, 0.0
    3536, 1, 0.0
    3536, 2, 0.0
    3536, 3, 0.0
    3637, 1, 0.0
    3637, 2, 0.0
    3637, 3, 0.0
    3738, 1, 0.0
    3738, 2, 0.0
    3738, 3, 0.0
    3839, 1, 0.0
    3839, 2, 0.0
    3839, 3, 0.0
    3940, 1, 0.0
    3940, 2, 0.0
    3940, 3, 0.0
    4041, 1, 0.0
    4041, 2, 0.0
    4041, 3, 0.0
    4142, 1, 0.0
    4142, 2, 0.0
    4142, 3, 0.0
    4243, 1, 0.0
    4243, 2, 0.0
    4243, 3, 0.0
    4344, 1, 0.0
    4344, 2, 0.0
    4344, 3, 0.0
    4445, 1, 0.0
    4445, 2, 0.0
    4445, 3, 0.0
    4546, 1, 0.0
    4546, 2, 0.0
    4546, 3, 0.0
    4647, 1, 0.0
    4647, 2, 0.0
    4647, 3, 0.0
    4748, 1, 0.0
    4748, 2, 0.0
    4748, 3, 0.0
    4849, 1, 0.0
    4849, 2, 0.0
    4849, 3, 0.0
    4950, 1, 0.0
    4950, 2, 0.0
    4950, 3, 0.0
    5051, 1, 0.0
    5051, 2, 0.0
    5051, 3, 0.0
    5152, 1, 0.0
    5152, 2, 0.0
    5152, 3, 0.0
    5253, 1, 0.0
    5253, 2, 0.0
    5253, 3, 0.0
    5354, 1, 0.0
    5354, 2, 0.0
    5354, 3, 0.0
    5455, 1, 0.0
    5455, 2, 0.0
    5455, 3, 0.0
    5556, 1, 0.0
    5556, 2, 0.0
    5556, 3, 0.0
    5657, 1, 0.0
    5657, 2, 0.0
    5657, 3, 0.0
    5758, 1, 0.0
    5758, 2, 0.0
    5758, 3, 0.0
    5859, 1, 0.0
    5859, 2, 0.0
    5859, 3, 0.0
    5960, 1, 0.0
    5960, 2, 0.0
    5960, 3, 0.0
    6061, 1, 0.0
    6061, 2, 0.0
    6061, 3, 0.0
    6162, 1, 0.0
    6162, 2, 0.0
    6162, 3, 0.0
    6263, 1, 0.0
    6263, 2, 0.0
    6263, 3, 0.0
    6364, 1, 0.0
    6364, 2, 0.0
    6364, 3, 0.0
    6465, 1, 0.0
    6465, 2, 0.0
    6465, 3, 0.0
    6566, 1, 0.0
    6566, 2, 0.0
    6566, 3, 0.0
    6667, 1, 0.0
    6667, 2, 0.0
    6667, 3, 0.0
    6768, 1, 0.0
    6768, 2, 0.0
    6768, 3, 0.0
    6869, 1, 0.0
    6869, 2, 0.0
    6869, 3, 0.0
    6970, 1, 0.0
    6970, 2, 0.0
    6970, 3, 0.0
    7071, 1, 0.0
    7071, 2, 0.0
    7071, 3, 0.0
    7172, 1, 0.0
    7172, 2, 0.0
    7172, 3, 0.0
    7273, 1, 0.0
    7273, 2, 0.0
    7273, 3, 0.0
    7374, 1, 0.0
    7374, 2, 0.0
    7374, 3, 0.0
    7475, 1, 0.0
    7475, 2, 0.0
    7475, 3, 0.0
    7576, 1, 0.0
    7576, 2, 0.0
    7576, 3, 0.0
    7677, 1, 0.0
    7677, 2, 0.0
    7677, 3, 0.0
    7778, 1, 0.0
    7778, 2, 0.0
    7778, 3, 0.0
    7879, 1, 0.0
    7879, 2, 0.0
    7879, 3, 0.0
    7980, 1, 0.0
    7980, 2, 0.0
    7980, 3, 0.0
    8081, 1, 0.0
    8081, 2, 0.0
    8081, 3, 0.0
    8182, 1, 0.0
    8182, 2, 0.0
    8182, 3, 0.0
    8283, 1, 0.0
    8283, 2, 0.0
    8283, 3, 0.0
    8384, 1, 0.0
    8384, 2, 0.0
    8384, 3, 0.0
    8485, 1, 0.0
    8485, 2, 0.0
    8485, 3, 0.0
    8586, 1, 0.0
    8586, 2, 0.0
    8586, 3, 0.0
    8687, 1, 0.0
    8687, 2, 0.0
    8687, 3, 0.0
    8788, 1, 0.0
    8788, 2, 0.0
    8788, 3, 0.0
    8889, 1, 0.0
    8889, 2, 0.0
    8889, 3, 0.0
    8990, 1, 0.0
    8990, 2, 0.0
    8990, 3, 0.0
    9091, 1, 0.0
    9091, 2, 0.0
    9091, 3, 0.0
    9192, 1, 0.0
    9192, 2, 0.0
    9192, 3, 0.0
    9293, 1, 0.0
    9293, 2, 0.0
    9293, 3, 0.0
    9394, 1, 0.0
    9394, 2, 0.0
    9394, 3, 0.0
    9495, 1, 0.0
    9495, 2, 0.0
    9495, 3, 0.0
    9596, 1, 0.0
    9596, 2, 0.0
    9596, 3, 0.0
    9697, 1, 0.0
    9697, 2, 0.0
    9697, 3, 0.0
    9798, 1, 0.0
    9798, 2, 0.0
    9798, 3, 0.0
    9899, 1, 0.0
    9899, 2, 0.0
    9899, 3, 0.0
   10000, 1, 0.0
   10000, 2, 0.0
   10000, 3, 0.0
   10101, 1, 0.0
   10101, 2, 0.0
   10101, 3, 0.0
   10202, 1, 0.0
   10202, 2, 0.0
   10202, 3, 0.0
   10303, 1, 0.0
   10303, 2, 0.0
   10303, 3, 0.0
   10404, 1, 0.0
   10404, 2, 0.0
   10404, 3, 0.0
   10505, 1, 0.0
   10505, 2, 0.0
   10505, 3, 0.0
   10606, 1, 0.0
   10606, 2, 0.0
   10606, 3, 0.0
   10707, 1, 0.0
   10707, 2, 0.0
   10707, 3, 0.0
   10808, 1, 0.0
   10808, 2, 0.0
   10808, 3, 0.0
   10909, 1, 0.0
   10909, 2, 0.0
   10909, 3, 0.0
   11010, 1, 0.0
   11010, 2, 0.0
   11010, 3, 0.0
   11111, 1, 0.0
   11111, 2, 0.0
   11111, 3, 0.0
   11212, 1, 0.0
   11212, 2, 0.0
   11212, 3, 0.0
   11313, 1, 0.0
   11313, 2, 0.0
   11313, 3, 0.0
   11414, 1, 0.0
   11414, 2, 0.0
   11414, 3, 0.0
   11515, 1, 0.0
   11515, 2, 0.0
   11515, 3, 0.0
   11616, 1, 0.0
   11616, 2, 0.0
   11616, 3, 0.0
   11717, 1, 0.0
   11717, 2, 0.0
   11717, 3, 0.0
   11818, 1, 0.0
   11818, 2, 0.0
   11818, 3, 0.0
   11919, 1, 0.0
   11919, 2, 0.0
   11919, 3, 0.0
   12020, 1, 0.0
   12020, 2, 0.0
   12020, 3, 0.0
   12121, 1, 0.0
   12121, 2, 0.0
   12121, 3, 0.0
   12222, 1, 0.0
   12222, 2, 0.0
   12222, 3, 0.0
   12323, 1, 0.0
   12323, 2, 0.0
   12323, 3, 0.0
   12424, 1, 0.0
   12424, 2, 0.0
   12424, 3, 0.0
   12525, 1, 0.0
   12525, 2, 0.0
   12525, 3, 0.0
   12626, 1, 0.0
   12626, 2, 0.0
   12626, 3, 0.0
   12727, 1, 0.0
   12727, 2, 0.0
   12727, 3, 0.0
   12828, 1, 0.0
   12828, 2, 0.0
   12828, 3, 0.0
   12929, 1, 0.0
   12929, 2, 0.0
   12929, 3, 0.0
   13030, 1, 0.0
   13030, 2, 0.0
   13030, 3, 0.0
   13131, 1, 0.0
   13131, 2, 0.0
   13131, 3, 0.0
   13232, 1, 0.0
   13232, 2, 0.0
   13232, 3, 0.0
   13333, 1, 0.0
   13333, 2, 0.0
   13333, 3, 0.0
   13434, 1, 0.0
   13434, 2, 0.0
   13434, 3, 0.0
   13535, 1, 0.0
   13535, 2, 0.0
   13535, 3, 0.0
   13636, 1, 0.0
   13636, 2, 0.0
   13636, 3, 0.0
   13737, 1, 0.0
   13737, 2, 0.0
   13737, 3, 0.0
   13838, 1, 0.0
   13838, 2, 0.0
   13838, 3, 0.0
   13939, 1, 0.0
   13939, 2, 0.0
   13939, 3, 0.0
   14040, 1, 0.0
   14040, 2, 0.0
   14040, 3, 0.0
   14141, 1, 0.0
   14141, 2, 0.0
   14141, 3, 0.0
   14242, 1, 0.0
   14242, 2, 0.0
   14242, 3, 0.0
   14343, 1, 0.0
   14343, 2, 0.0
   14343, 3, 0.0
   14444, 1, 0.0
   14444, 2, 0.0
   14444, 3, 0.0
   14545, 1, 0.0
   14545, 2, 0.0
   14545, 3, 0.0
   14646, 1, 0.0
   14646, 2, 0.0
   14646, 3, 0.0
   14747, 1, 0.0
   14747, 2, 0.0
   14747, 3, 0.0
   14848, 1, 0.0
   14848, 2, 0.0
   14848, 3, 0.0
   14949, 1, 0.0
   14949, 2, 0.0
   14949, 3, 0.0
   15050, 1, 0.0
   15050, 2, 0.0
   15050, 3, 0.0
   15151, 1, 0.0
   15151, 2, 0.0
   15151, 3, 0.0
   15252, 1, 0.0
   15252, 2, 0.0
   15252, 3, 0.0
   15353, 1, 0.0
   15353, 2, 0.0
   15353, 3, 0.0
   15454, 1, 0.0
   15454, 2, 0.0
   15454, 3, 0.0
   15555, 1, 0.0
   15555, 2, 0.0
   15555, 3, 0.0
   15656, 1, 0.0
   15656, 2, 0.0
   15656, 3, 0.0
   15757, 1, 0.0
   15757, 2, 0.0
   15757, 3, 0.0
   15858, 1, 0.0
   15858, 2, 0.0
   15858, 3, 0.0
   15959, 1, 0.0
   15959, 2, 0.0
   15959, 3, 0.0
   16060, 1, 0.0
   16060, 2, 0.0
   16060, 3, 0.0
   16161, 1, 0.0
   16161, 2, 0.0
   16161, 3, 0.0
   16262, 1, 0.0
   16262, 2, 0.0
   16262, 3, 0.0
   16363, 1, 0.0
   16363, 2, 0.0
   16363, 3, 0.0
   16464, 1, 0.0
   16464, 2, 0.0
   16464, 3, 0.0
   16565, 1, 0.0
   16565, 2, 0.0
   16565, 3, 0.0
   16666, 1, 0.0
   16666, 2, 0.0
   16666, 3, 0.0
   16767, 1, 0.0
   16767, 2, 0.0
   16767, 3, 0.0
   16868, 1, 0.0
   16868, 2, 0.0
   16868, 3, 0.0
   16969, 1, 0.0
   16969, 2, 0.0
   16969, 3, 0.0
   17070, 1, 0.0
   17070, 2, 0.0
   17070, 3, 0.0
   17171, 1, 0.0
   17171, 2, 0.0
   17171, 3, 0.0
   17272, 1, 0.0
   17272, 2, 0.0
   17272, 3, 0.0
   17373, 1, 0.0
   17373, 2, 0.0
   17373, 3, 0.0
   17474, 1, 0.0
   17474, 2, 0.0
   17474, 3, 0.0
   17575, 1, 0.0
   17575, 2, 0.0
   17575, 3, 0.0
   17676, 1, 0.0
   17676, 2, 0.0
   17676, 3, 0.0
   17777, 1, 0.0
   17777, 2, 0.0
   17777, 3, 0.0
   17878, 1, 0.0
   17878, 2, 0.0
   17878, 3, 0.0
   17979, 1, 0.0
   17979, 2, 0.0
   17979, 3, 0.0
   18080, 1, 0.0
   18080, 2, 0.0
   18080, 3, 0.0
   18181, 1, 0.0
   18181, 2, 0.0
   18181, 3, 0.0
   18282, 1, 0.0
   18282, 2, 0.0
   18282, 3, 0.0
   18383, 1, 0.0
   18383, 2, 0.0
   18383, 3, 0.0
   18484, 1, 0.0
   18484, 2, 0.0
   18484, 3, 0.0
   18585, 1, 0.0
   18585, 2, 0.0
   18585, 3, 0.0
   18686, 1, 0.0
   18686, 2, 0.0
   18686, 3, 0.0
   18787, 1, 0.0
   18787, 2, 0.0
   18787, 3, 0.0
   18888, 1, 0.0
   18888, 2, 0.0
   18888, 3, 0.0
   18989, 1, 0.0
   18989, 2, 0.0
   18989, 3, 0.0
   19090, 1, 0.0
   19090, 2, 0.0
   19090, 3, 0.0
   19191, 1, 0.0
   19191, 2, 0.0
   19191, 3, 0.0
   19292, 1, 0.0
   19292, 2, 0.0
   19292, 3, 0.0
   19393, 1, 0.0
   19393, 2, 0.0
   19393, 3, 0.0
   19494, 1, 0.0
   19494, 2, 0.0
   19494, 3, 0.0
   19595, 1, 0.0
   19595, 2, 0.0
   19595, 3, 0.0
   19696, 1, 0.0
   19696, 2, 0.0
   19696, 3, 0.0
   19797, 1, 0.0
   19797, 2, 0.0
   19797, 3, 0.0
   19898, 1, 0.0
   19898, 2, 0.0
   19898, 3, 0.0
   19999, 1, 0.0
   19999, 2, 0.0
   19999, 3, 0.0
   20100, 1, 0.0
   20100, 2, 0.0
   20100, 3, 0.0
   20201, 1, 0.0
   20201, 2, 0.0
   20201, 3, 0.0
   20302, 1, 0.0
   20302, 2, 0.0
   20302, 3, 0.0
   20403, 1, 0.0
   20403, 2, 0.0
   20403, 3, 0.0
   20504, 1, 0.0
   20504, 2, 0.0
   20504, 3, 0.0
   20605, 1, 0.0
   20605, 2, 0.0
   20605, 3, 0.0
   20706, 1, 0.0
   20706, 2, 0.0
   20706, 3, 0.0
   20807, 1, 0.0
   20807, 2, 0.0
   20807, 3, 0.0
   20908, 1, 0.0
   20908, 2, 0.0
   20908, 3, 0.0
   21009, 1, 0.0
   21009, 2, 0.0
   21009, 3, 0.0
   21110, 1, 0.0
   21110, 2, 0.0
   21110, 3, 0.0
   21211, 1, 0.0
   21211, 2, 0.0
   21211, 3, 0.0
   21312, 1, 0.0
   21312, 2, 0.0
   21312, 3, 0.0
   21413, 1, 0.0
   21413, 2, 0.0
   21413, 3, 0.0
   21514, 1, 0.0
   21514, 2, 0.0
   21514, 3, 0.0
   21615, 1, 0.0
   21615, 2, 0.0
   21615, 3, 0.0
   21716, 1, 0.0
   21716, 2, 0.0
   21716, 3, 0.0
   21817, 1, 0.0
   21817, 2, 0.0
   21817, 3, 0.0
   21918, 1, 0.0
   21918, 2, 0.0
   21918, 3, 0.0
   22019, 1, 0.0
   22019, 2, 0.0
   22019, 3, 0.0
   22120, 1, 0.0
   22120, 2, 0.0
   22120, 3, 0.0
   22221, 1, 0.0
   22221, 2, 0.0
   22221, 3, 0.0
   22322, 1, 0.0
   22322, 2, 0.0
   22322, 3, 0.0
   22423, 1, 0.0
   22423, 2, 0.0
   22423, 3, 0.0
   22524, 1, 0.0
   22524, 2, 0.0
   22524, 3, 0.0
   22625, 1, 0.0
   22625, 2, 0.0
   22625, 3, 0.0
   22726, 1, 0.0
   22726, 2, 0.0
   22726, 3, 0.0
   22827, 1, 0.0
   22827, 2, 0.0
   22827, 3, 0.0
   22928, 1, 0.0
   22928, 2, 0.0
   22928, 3, 0.0
   23029, 1, 0.0
   23029, 2, 0.0
   23029, 3, 0.0
   23130, 1, 0.0
   23130, 2, 0.0
   23130, 3, 0.0
   23231, 1, 0.0
   23231, 2, 0.0
   23231, 3, 0.0
   23332, 1, 0.0
   23332, 2, 0.0
   23332, 3, 0.0
   23433, 1, 0.0
   23433, 2, 0.0
   23433, 3, 0.0
   23534, 1, 0.0
   23534, 2, 0.0
   23534, 3, 0.0
   23635, 1, 0.0
   23635, 2, 0.0
   23635, 3, 0.0
   23736, 1, 0.0
   23736, 2, 0.0
   23736, 3, 0.0
   23837, 1, 0.0
   23837, 2, 0.0
   23837, 3, 0.0
   23938, 1, 0.0
   23938, 2, 0.0
   23938, 3, 0.0
   24039, 1, 0.0
   24039, 2, 0.0
   24039, 3, 0.0
   24140, 1, 0.0
   24140, 2, 0.0
   24140, 3, 0.0
   24241, 1, 0.0
   24241, 2, 0.0
   24241, 3, 0.0
   24342, 1, 0.0
   24342, 2, 0.0
   24342, 3, 0.0
   24443, 1, 0.0
   24443, 2, 0.0
   24443, 3, 0.0
   24544, 1, 0.0
   24544, 2, 0.0
   24544, 3, 0.0
   24645, 1, 0.0
   24645, 2, 0.0
   24645, 3, 0.0
   24746, 1, 0.0
   24746, 2, 0.0
   24746, 3, 0.0
   24847, 1, 0.0
   24847, 2, 0.0
   24847, 3, 0.0
   24948, 1, 0.0
   24948, 2, 0.0
   24948, 3, 0.0
   25049, 1, 0.0
   25049, 2, 0.0
   25049, 3, 0.0
   25150, 1, 0.0
   25150, 2, 0.0
   25150, 3, 0.0
   25251, 1, 0.0
   25251, 2, 0.0
   25251, 3, 0.0
   25352, 1, 0.0
   25352, 2, 0.0
   25352, 3, 0.0
   25453, 1, 0.0
   25453, 2, 0.0
   25453, 3, 0.0
   25554, 1, 0.0
   25554, 2, 0.0
   25554, 3, 0.0
   25655, 1, 0.0
   25655, 2, 0.0
   25655, 3, 0.0
   25756, 1, 0.0
   25756, 2, 0.0
   25756, 3, 0.0
   25857, 1, 0.0
   25857, 2, 0.0
   25857, 3, 0.0
   25958, 1, 0.0
   25958, 2, 0.0
   25958, 3, 0.0
   26059, 1, 0.0
   26059, 2, 0.0
   26059, 3, 0.0
   26160, 1, 0.0
   26160, 2, 0.0
   26160, 3, 0.0
   26261, 1, 0.0
   26261, 2, 0.0
   26261, 3, 0.0
   26362, 1, 0.0
   26362, 2, 0.0
   26362, 3, 0.0
   26463, 1, 0.0
   26463, 2, 0.0
   26463, 3, 0.0
   26564, 1, 0.0
   26564, 2, 0.0
   26564, 3, 0.0
   26665, 1, 0.0
   26665, 2, 0.0
   26665, 3, 0.0
   26766, 1, 0.0
   26766, 2, 0.0
   26766, 3, 0.0
   26867, 1, 0.0
   26867, 2, 0.0
   26867, 3, 0.0
   26968, 1, 0.0
   26968, 2, 0.0
   26968, 3, 0.0
   27069, 1, 0.0
   27069, 2, 0.0
   27069, 3, 0.0
   27170, 1, 0.0
   27170, 2, 0.0
   27170, 3, 0.0
   27271, 1, 0.0
   27271, 2, 0.0
   27271, 3, 0.0
   27372, 1, 0.0
   27372, 2, 0.0
   27372, 3, 0.0
   27473, 1, 0.0
   27473, 2, 0.0
   27473, 3, 0.0
   27574, 1, 0.0
   27574, 2, 0.0
   27574, 3, 0.0
   27675, 1, 0.0
   27675, 2, 0.0
   27675, 3, 0.0
   27776, 1, 0.0
   27776, 2, 0.0
   27776, 3, 0.0
   27877, 1, 0.0
   27877, 2, 0.0
   27877, 3, 0.0
   27978, 1, 0.0
   27978, 2, 0.0
   27978, 3, 0.0
   28079, 1, 0.0
   28079, 2, 0.0
   28079, 3, 0.0
   28180, 1, 0.0
   28180, 2, 0.0
   28180, 3, 0.0
   28281, 1, 0.0
   28281, 2, 0.0
   28281, 3, 0.0
   28382, 1, 0.0
   28382, 2, 0.0
   28382, 3, 0.0
   28483, 1, 0.0
   28483, 2, 0.0
   28483, 3, 0.0
   28584, 1, 0.0
   28584, 2, 0.0
   28584, 3, 0.0
   28685, 1, 0.0
   28685, 2, 0.0
   28685, 3, 0.0
   28786, 1, 0.0
   28786, 2, 0.0
   28786, 3, 0.0
   28887, 1, 0.0
   28887, 2, 0.0
   28887, 3, 0.0
   28988, 1, 0.0
   28988, 2, 0.0
   28988, 3, 0.0
   29089, 1, 0.0
   29089, 2, 0.0
   29089, 3, 0.0
   29190, 1, 0.0
   29190, 2, 0.0
   29190, 3, 0.0
   29291, 1, 0.0
   29291, 2, 0.0
   29291, 3, 0.0
   29392, 1, 0.0
   29392, 2, 0.0
   29392, 3, 0.0
   29493, 1, 0.0
   29493, 2, 0.0
   29493, 3, 0.0
   29594, 1, 0.0
   29594, 2, 0.0
   29594, 3, 0.0
   29695, 1, 0.0
   29695, 2, 0.0
   29695, 3, 0.0
   29796, 1, 0.0
   29796, 2, 0.0
   29796, 3, 0.0
   29897, 1, 0.0
   29897, 2, 0.0
   29897, 3, 0.0
   29998, 1, 0.0
   29998, 2, 0.0
   29998, 3, 0.0
   30099, 1, 0.0
   30099, 2, 0.0
   30099, 3, 0.0
   30200, 1, 0.0
   30200, 2, 0.0
   30200, 3, 0.0
   30301, 1, 0.0
   30301, 2, 0.0
   30301, 3, 0.0
   30402, 1, 0.0
   30402, 2, 0.0
   30402, 3, 0.0
   30503, 1, 0.0
   30503, 2, 0.0
   30503, 3, 0.0
   30604, 1, 0.0
   30604, 2, 0.0
   30604, 3, 0.0
   30705, 1, 0.0
   30705, 2, 0.0
   30705, 3, 0.0
   30806, 1, 0.0
   30806, 2, 0.0
   30806, 3, 0.0
   30907, 1, 0.0
   30907, 2, 0.0
   30907, 3, 0.0
   31008, 1, 0.0
   31008, 2, 0.0
   31008, 3, 0.0
   31109, 1, 0.0
   31109, 2, 0.0
   31109, 3, 0.0
   31210, 1, 0.0
   31210, 2, 0.0
   31210, 3, 0.0
   31311, 1, 0.0
   31311, 2, 0.0
   31311, 3, 0.0
   31412, 1, 0.0
   31412, 2, 0.0
   31412, 3, 0.0
   31513, 1, 0.0
   31513, 2, 0.0
   31513, 3, 0.0
   31614, 1, 0.0
   31614, 2, 0.0
   31614, 3, 0.0
   31715, 1, 0.0
   31715, 2, 0.0
   31715, 3, 0.0
   31816, 1, 0.0
   31816, 2, 0.0
   31816, 3, 0.0
   31917, 1, 0.0
   31917, 2, 0.0
   31917, 3, 0.0
   32018, 1, 0.0
   32018, 2, 0.0
   32018, 3, 0.0
   32119, 1, 0.0
   32119, 2, 0.0
   32119, 3, 0.0
   32220, 1, 0.0
   32220, 2, 0.0
   32220, 3, 0.0
   32321, 1, 0.0
   32321, 2, 0.0
   32321, 3, 0.0
   32422, 1, 0.0
   32422, 2, 0.0
   32422, 3, 0.0
   32523, 1, 0.0
   32523, 2, 0.0
   32523, 3, 0.0
   32624, 1, 0.0
   32624, 2, 0.0
   32624, 3, 0.0
   32725, 1, 0.0
   32725, 2, 0.0
   32725, 3, 0.0
   32826, 1, 0.0
   32826, 2, 0.0
   32826, 3, 0.0
   32927, 1, 0.0
   32927, 2, 0.0
   32927, 3, 0.0
   33028, 1, 0.0
   33028, 2, 0.0
   33028, 3, 0.0
   33129, 1, 0.0
   33129, 2, 0.0
   33129, 3, 0.0
   33230, 1, 0.0
   33230, 2, 0.0
   33230, 3, 0.0
   33331, 1, 0.0
   33331, 2, 0.0
   33331, 3, 0.0
   33432, 1, 0.0
   33432, 2, 0.0
   33432, 3, 0.0
   33533, 1, 0.0
   33533, 2, 0.0
   33533, 3, 0.0
   33634, 1, 0.0
   33634, 2, 0.0
   33634, 3, 0.0
   33735, 1, 0.0
   33735, 2, 0.0
   33735, 3, 0.0
   33836, 1, 0.0
   33836, 2, 0.0
   33836, 3, 0.0
   33937, 1, 0.0
   33937, 2, 0.0
   33937, 3, 0.0
   34038, 1, 0.0
   34038, 2, 0.0
   34038, 3, 0.0
   34139, 1, 0.0
   34139, 2, 0.0
   34139, 3, 0.0
   34240, 1, 0.0
   34240, 2, 0.0
   34240, 3, 0.0
   34341, 1, 0.0
   34341, 2, 0.0
   34341, 3, 0.0
   34442, 1, 0.0
   34442, 2, 0.0
   34442, 3, 0.0
   34543, 1, 0.0
   34543, 2, 0.0
   34543, 3, 0.0
   34644, 1, 0.0
   34644, 2, 0.0
   34644, 3, 0.0
   34745, 1, 0.0
   34745, 2, 0.0
   34745, 3, 0.0
   34846, 1, 0.0
   34846, 2, 0.0
   34846, 3, 0.0
   34947, 1, 0.0
   34947, 2, 0.0
   34947, 3, 0.0
   35048, 1, 0.0
   35048, 2, 0.0
   35048, 3, 0.0
   35149, 1, 0.0
   35149, 2, 0.0
   35149, 3, 0.0
   35250, 1, 0.0
   35250, 2, 0.0
   35250, 3, 0.0
   35351, 1, 0.0
   35351, 2, 0.0
   35351, 3, 0.0
   35452, 1, 0.0
   35452, 2, 0.0
   35452, 3, 0.0
   35553, 1, 0.0
   35553, 2, 0.0
   35553, 3, 0.0
   35654, 1, 0.0
   35654, 2, 0.0
   35654, 3, 0.0
   35755, 1, 0.0
   35755, 2, 0.0
   35755, 3, 0.0
   35856, 1, 0.0
   35856, 2, 0.0
   35856, 3, 0.0
   35957, 1, 0.0
   35957, 2, 0.0
   35957, 3, 0.0
   36058, 1, 0.0
   36058, 2, 0.0
   36058, 3, 0.0
   36159, 1, 0.0
   36159, 2, 0.0
   36159, 3, 0.0
   36260, 1, 0.0
   36260, 2, 0.0
   36260, 3, 0.0
   36361, 1, 0.0
   36361, 2, 0.0
   36361, 3, 0.0
   36462, 1, 0.0
   36462, 2, 0.0
   36462, 3, 0.0
   36563, 1, 0.0
   36563, 2, 0.0
   36563, 3, 0.0
   36664, 1, 0.0
   36664, 2, 0.0
   36664, 3, 0.0
   36765, 1, 0.0
   36765, 2, 0.0
   36765, 3, 0.0
   36866, 1, 0.0
   36866, 2, 0.0
   36866, 3, 0.0
   36967, 1, 0.0
   36967, 2, 0.0
   36967, 3, 0.0
   37068, 1, 0.0
   37068, 2, 0.0
   37068, 3, 0.0
   37169, 1, 0.0
   37169, 2, 0.0
   37169, 3, 0.0
   37270, 1, 0.0
   37270, 2, 0.0
   37270, 3, 0.0
   37371, 1, 0.0
   37371, 2, 0.0
   37371, 3, 0.0
   37472, 1, 0.0
   37472, 2, 0.0
   37472, 3, 0.0
   37573, 1, 0.0
   37573, 2, 0.0
   37573, 3, 0.0
   37674, 1, 0.0
   37674, 2, 0.0
   37674, 3, 0.0
   37775, 1, 0.0
   37775, 2, 0.0
   37775, 3, 0.0
   37876, 1, 0.0
   37876, 2, 0.0
   37876, 3, 0.0
   37977, 1, 0.0
   37977, 2, 0.0
   37977, 3, 0.0
   38078, 1, 0.0
   38078, 2, 0.0
   38078, 3, 0.0
   38179, 1, 0.0
   38179, 2, 0.0
   38179, 3, 0.0
   38280, 1, 0.0
   38280, 2, 0.0
   38280, 3, 0.0
   38381, 1, 0.0
   38381, 2, 0.0
   38381, 3, 0.0
   38482, 1, 0.0
   38482, 2, 0.0
   38482, 3, 0.0
   38583, 1, 0.0
   38583, 2, 0.0
   38583, 3, 0.0
   38684, 1, 0.0
   38684, 2, 0.0
   38684, 3, 0.0
   38785, 1, 0.0
   38785, 2, 0.0
   38785, 3, 0.0
   38886, 1, 0.0
   38886, 2, 0.0
   38886, 3, 0.0
   38987, 1, 0.0
   38987, 2, 0.0
   38987, 3, 0.0
   39088, 1, 0.0
   39088, 2, 0.0
   39088, 3, 0.0
   39189, 1, 0.0
   39189, 2, 0.0
   39189, 3, 0.0
   39290, 1, 0.0
   39290, 2, 0.0
   39290, 3, 0.0
   39391, 1, 0.0
   39391, 2, 0.0
   39391, 3, 0.0
   39492, 1, 0.0
   39492, 2, 0.0
   39492, 3, 0.0
   39593, 1, 0.0
   39593, 2, 0.0
   39593, 3, 0.0
   39694, 1, 0.0
   39694, 2, 0.0
   39694, 3, 0.0
   39795, 1, 0.0
   39795, 2, 0.0
   39795, 3, 0.0
   39896, 1, 0.0
   39896, 2, 0.0
   39896, 3, 0.0
   39997, 1, 0.0
   39997, 2, 0.0
   39997, 3, 0.0
   40098, 1, 0.0
   40098, 2, 0.0
   40098, 3, 0.0
   40199, 1, 0.0
   40199, 2, 0.0
   40199, 3, 0.0
   40300, 1, 0.0
   40300, 2, 0.0
   40300, 3, 0.0
   40401, 1, 0.0
   40401, 2, 0.0
   40401, 3, 0.0
   40502, 1, 0.0
   40502, 2, 0.0
   40502, 3, 0.0
   40603, 1, 0.0
   40603, 2, 0.0
   40603, 3, 0.0
   40704, 1, 0.0
   40704, 2, 0.0
   40704, 3, 0.0
   40805, 1, 0.0
   40805, 2, 0.0
   40805, 3, 0.0
   40906, 1, 0.0
   40906, 2, 0.0
   40906, 3, 0.0
   41007, 1, 0.0
   41007, 2, 0.0
   41007, 3, 0.0
   41108, 1, 0.0
   41108, 2, 0.0
   41108, 3, 0.0
   41209, 1, 0.0
   41209, 2, 0.0
   41209, 3, 0.0
   41310, 1, 0.0
   41310, 2, 0.0
   41310, 3, 0.0
   41411, 1, 0.0
   41411, 2, 0.0
   41411, 3, 0.0
   41512, 1, 0.0
   41512, 2, 0.0
   41512, 3, 0.0
   41613, 1, 0.0
   41613, 2, 0.0
   41613, 3, 0.0
   41714, 1, 0.0
   41714, 2, 0.0
   41714, 3, 0.0
   41815, 1, 0.0
   41815, 2, 0.0
   41815, 3, 0.0
   41916, 1, 0.0
   41916, 2, 0.0
   41916, 3, 0.0
   42017, 1, 0.0
   42017, 2, 0.0
   42017, 3, 0.0
   42118, 1, 0.0
   42118, 2, 0.0
   42118, 3, 0.0
   42219, 1, 0.0
   42219, 2, 0.0
   42219, 3, 0.0
   42320, 1, 0.0
   42320, 2, 0.0
   42320, 3, 0.0
   42421, 1, 0.0
   42421, 2, 0.0
   42421, 3, 0.0
   42522, 1, 0.0
   42522, 2, 0.0
   42522, 3, 0.0
   42623, 1, 0.0
   42623, 2, 0.0
   42623, 3, 0.0
   42724, 1, 0.0
   42724, 2, 0.0
   42724, 3, 0.0
   42825, 1, 0.0
   42825, 2, 0.0
   42825, 3, 0.0
   42926, 1, 0.0
   42926, 2, 0.0
   42926, 3, 0.0
   43027, 1, 0.0
   43027, 2, 0.0
   43027, 3, 0.0
   43128, 1, 0.0
   43128, 2, 0.0
   43128, 3, 0.0
   43229, 1, 0.0
   43229, 2, 0.0
   43229, 3, 0.0
   43330, 1, 0.0
   43330, 2, 0.0
   43330, 3, 0.0
   43431, 1, 0.0
   43431, 2, 0.0
   43431, 3, 0.0
   43532, 1, 0.0
   43532, 2, 0.0
   43532, 3, 0.0
   43633, 1, 0.0
   43633, 2, 0.0
   43633, 3, 0.0
   43734, 1, 0.0
   43734, 2, 0.0
   43734, 3, 0.0
   43835, 1, 0.0
   43835, 2, 0.0
   43835, 3, 0.0
   43936, 1, 0.0
   43936, 2, 0.0
   43936, 3, 0.0
   44037, 1, 0.0
   44037, 2, 0.0
   44037, 3, 0.0
   44138, 1, 0.0
   44138, 2, 0.0
   44138, 3, 0.0
   44239, 1, 0.0
   44239, 2, 0.0
   44239, 3, 0.0
   44340, 1, 0.0
   44340, 2, 0.0
   44340, 3, 0.0
   44441, 1, 0.0
   44441, 2, 0.0
   44441, 3, 0.0
   44542, 1, 0.0
   44542, 2, 0.0
   44542, 3, 0.0
   44643, 1, 0.0
   44643, 2, 0.0
   44643, 3, 0.0
   44744, 1, 0.0
   44744, 2, 0.0
   44744, 3, 0.0
   44845, 1, 0.0
   44845, 2, 0.0
   44845, 3, 0.0
   44946, 1, 0.0
   44946, 2, 0.0
   44946, 3, 0.0
   45047, 1, 0.0
   45047, 2, 0.0
   45047, 3, 0.0
   45148, 1, 0.0
   45148, 2, 0.0
   45148, 3, 0.0
   45249, 1, 0.0
   45249, 2, 0.0
   45249, 3, 0.0
   45350, 1, 0.0
   45350, 2, 0.0
   45350, 3, 0.0
   45451, 1, 0.0
   45451, 2, 0.0
   45451, 3, 0.0
   45552, 1, 0.0
   45552, 2, 0.0
   45552, 3, 0.0
   45653, 1, 0.0
   45653, 2, 0.0
   45653, 3, 0.0
   45754, 1, 0.0
   45754, 2, 0.0
   45754, 3, 0.0
   45855, 1, 0.0
   45855, 2, 0.0
   45855, 3, 0.0
   45956, 1, 0.0
   45956, 2, 0.0
   45956, 3, 0.0
   46057, 1, 0.0
   46057, 2, 0.0
   46057, 3, 0.0
   46158, 1, 0.0
   46158, 2, 0.0
   46158, 3, 0.0
   46259, 1, 0.0
   46259, 2, 0.0
   46259, 3, 0.0
   46360, 1, 0.0
   46360, 2, 0.0
   46360, 3, 0.0
   46461, 1, 0.0
   46461, 2, 0.0
   46461, 3, 0.0
   46562, 1, 0.0
   46562, 2, 0.0
   46562, 3, 0.0
   46663, 1, 0.0
   46663, 2, 0.0
   46663, 3, 0.0
   46764, 1, 0.0
   46764, 2, 0.0
   46764, 3, 0.0
   46865, 1, 0.0
   46865, 2, 0.0
   46865, 3, 0.0
   46966, 1, 0.0
   46966, 2, 0.0
   46966, 3, 0.0
   47067, 1, 0.0
   47067, 2, 0.0
   47067, 3, 0.0
   47168, 1, 0.0
   47168, 2, 0.0
   47168, 3, 0.0
   47269, 1, 0.0
   47269, 2, 0.0
   47269, 3, 0.0
   47370, 1, 0.0
   47370, 2, 0.0
   47370, 3, 0.0
   47471, 1, 0.0
   47471, 2, 0.0
   47471, 3, 0.0
   47572, 1, 0.0
   47572, 2, 0.0
   47572, 3, 0.0
   47673, 1, 0.0
   47673, 2, 0.0
   47673, 3, 0.0
   47774, 1, 0.0
   47774, 2, 0.0
   47774, 3, 0.0
   47875, 1, 0.0
   47875, 2, 0.0
   47875, 3, 0.0
   47976, 1, 0.0
   47976, 2, 0.0
   47976, 3, 0.0
   48077, 1, 0.0
   48077, 2, 0.0
   48077, 3, 0.0
   48178, 1, 0.0
   48178, 2, 0.0
   48178, 3, 0.0
   48279, 1, 0.0
   48279, 2, 0.0
   48279, 3, 0.0
   48380, 1, 0.0
   48380, 2, 0.0
   48380, 3, 0.0
   48481, 1, 0.0
   48481, 2, 0.0
   48481, 3, 0.0
   48582, 1, 0.0
   48582, 2, 0.0
   48582, 3, 0.0
   48683, 1, 0.0
   48683, 2, 0.0
   48683, 3, 0.0
   48784, 1, 0.0
   48784, 2, 0.0
   48784, 3, 0.0
   48885, 1, 0.0
   48885, 2, 0.0
   48885, 3, 0.0
   48986, 1, 0.0
   48986, 2, 0.0
   48986, 3, 0.0
   49087, 1, 0.0
   49087, 2, 0.0
   49087, 3, 0.0
   49188, 1, 0.0
   49188, 2, 0.0
   49188, 3, 0.0
   49289, 1, 0.0
   49289, 2, 0.0
   49289, 3, 0.0
   49390, 1, 0.0
   49390, 2, 0.0
   49390, 3, 0.0
   49491, 1, 0.0
   49491, 2, 0.0
   49491, 3, 0.0
   49592, 1, 0.0
   49592, 2, 0.0
   49592, 3, 0.0
   49693, 1, 0.0
   49693, 2, 0.0
   49693, 3, 0.0
   49794, 1, 0.0
   49794, 2, 0.0
   49794, 3, 0.0
   49895, 1, 0.0
   49895, 2, 0.0
   49895, 3, 0.0
   49996, 1, 0.0
   49996, 2, 0.0
   49996, 3, 0.0
   50097, 1, 0.0
   50097, 2, 0.0
   50097, 3, 0.0
   50198, 1, 0.0
   50198, 2, 0.0
   50198, 3, 0.0
   50299, 1, 0.0
   50299, 2, 0.0
   50299, 3, 0.0
   50400, 1, 0.0
   50400, 2, 0.0
   50400, 3, 0.0
   50501, 1, 0.0
   50501, 2, 0.0
   50501, 3, 0.0
   50602, 1, 0.0
   50602, 2, 0.0
   50602, 3, 0.0
   50703, 1, 0.0
   50703, 2, 0.0
   50703, 3, 0.0
   50804, 1, 0.0
   50804, 2, 0.0
   50804, 3, 0.0
   50905, 1, 0.0
   50905, 2, 0.0
   50905, 3, 0.0
   51006, 1, 0.0
   51006, 2, 0.0
   51006, 3, 0.0
   51107, 1, 0.0
   51107, 2, 0.0
   51107, 3, 0.0
   51208, 1, 0.0
   51208, 2, 0.0
   51208, 3, 0.0
   51309, 1, 0.0
   51309, 2, 0.0
   51309, 3, 0.0
   51410, 1, 0.0
   51410, 2, 0.0
   51410, 3, 0.0
   51511, 1, 0.0
   51511, 2, 0.0
   51511, 3, 0.0
   51612, 1, 0.0
   51612, 2, 0.0
   51612, 3, 0.0
   51713, 1, 0.0
   51713, 2, 0.0
   51713, 3, 0.0
   51814, 1, 0.0
   51814, 2, 0.0
   51814, 3, 0.0
   51915, 1, 0.0
   51915, 2, 0.0
   51915, 3, 0.0
   52016, 1, 0.0
   52016, 2, 0.0
   52016, 3, 0.0
   52117, 1, 0.0
   52117, 2, 0.0
   52117, 3, 0.0
   52218, 1, 0.0
   52218, 2, 0.0
   52218, 3, 0.0
   52319, 1, 0.0
   52319, 2, 0.0
   52319, 3, 0.0
   52420, 1, 0.0
   52420, 2, 0.0
   52420, 3, 0.0
   52521, 1, 0.0
   52521, 2, 0.0
   52521, 3, 0.0
   52622, 1, 0.0
   52622, 2, 0.0
   52622, 3, 0.0
   52723, 1, 0.0
   52723, 2, 0.0
   52723, 3, 0.0
   52824, 1, 0.0
   52824, 2, 0.0
   52824, 3, 0.0
   52925, 1, 0.0
   52925, 2, 0.0
   52925, 3, 0.0
   53026, 1, 0.0
   53026, 2, 0.0
   53026, 3, 0.0
   53127, 1, 0.0
   53127, 2, 0.0
   53127, 3, 0.0
   53228, 1, 0.0
   53228, 2, 0.0
   53228, 3, 0.0
   53329, 1, 0.0
   53329, 2, 0.0
   53329, 3, 0.0
   53430, 1, 0.0
   53430, 2, 0.0
   53430, 3, 0.0
   53531, 1, 0.0
   53531, 2, 0.0
   53531, 3, 0.0
   53632, 1, 0.0
   53632, 2, 0.0
   53632, 3, 0.0
   53733, 1, 0.0
   53733, 2, 0.0
   53733, 3, 0.0
   53834, 1, 0.0
   53834, 2, 0.0
   53834, 3, 0.0
   53935, 1, 0.0
   53935, 2, 0.0
   53935, 3, 0.0
   54036, 1, 0.0
   54036, 2, 0.0
   54036, 3, 0.0
   54137, 1, 0.0
   54137, 2, 0.0
   54137, 3, 0.0
   54238, 1, 0.0
   54238, 2, 0.0
   54238, 3, 0.0
   54339, 1, 0.0
   54339, 2, 0.0
   54339, 3, 0.0
   54440, 1, 0.0
   54440, 2, 0.0
   54440, 3, 0.0
   54541, 1, 0.0
   54541, 2, 0.0
   54541, 3, 0.0
   54642, 1, 0.0
   54642, 2, 0.0
   54642, 3, 0.0
   54743, 1, 0.0
   54743, 2, 0.0
   54743, 3, 0.0
   54844, 1, 0.0
   54844, 2, 0.0
   54844, 3, 0.0
   54945, 1, 0.0
   54945, 2, 0.0
   54945, 3, 0.0
   55046, 1, 0.0
   55046, 2, 0.0
   55046, 3, 0.0
   55147, 1, 0.0
   55147, 2, 0.0
   55147, 3, 0.0
   55248, 1, 0.0
   55248, 2, 0.0
   55248, 3, 0.0
   55349, 1, 0.0
   55349, 2, 0.0
   55349, 3, 0.0
   55450, 1, 0.0
   55450, 2, 0.0
   55450, 3, 0.0
   55551, 1, 0.0
   55551, 2, 0.0
   55551, 3, 0.0
   55652, 1, 0.0
   55652, 2, 0.0
   55652, 3, 0.0
   55753, 1, 0.0
   55753, 2, 0.0
   55753, 3, 0.0
   55854, 1, 0.0
   55854, 2, 0.0
   55854, 3, 0.0
   55955, 1, 0.0
   55955, 2, 0.0
   55955, 3, 0.0
   56056, 1, 0.0
   56056, 2, 0.0
   56056, 3, 0.0
   56157, 1, 0.0
   56157, 2, 0.0
   56157, 3, 0.0
   56258, 1, 0.0
   56258, 2, 0.0
   56258, 3, 0.0
   56359, 1, 0.0
   56359, 2, 0.0
   56359, 3, 0.0
   56460, 1, 0.0
   56460, 2, 0.0
   56460, 3, 0.0
   56561, 1, 0.0
   56561, 2, 0.0
   56561, 3, 0.0
   56662, 1, 0.0
   56662, 2, 0.0
   56662, 3, 0.0
   56763, 1, 0.0
   56763, 2, 0.0
   56763, 3, 0.0
   56864, 1, 0.0
   56864, 2, 0.0
   56864, 3, 0.0
   56965, 1, 0.0
   56965, 2, 0.0
   56965, 3, 0.0
   57066, 1, 0.0
   57066, 2, 0.0
   57066, 3, 0.0
   57167, 1, 0.0
   57167, 2, 0.0
   57167, 3, 0.0
   57268, 1, 0.0
   57268, 2, 0.0
   57268, 3, 0.0
   57369, 1, 0.0
   57369, 2, 0.0
   57369, 3, 0.0
   57470, 1, 0.0
   57470, 2, 0.0
   57470, 3, 0.0
   57571, 1, 0.0
   57571, 2, 0.0
   57571, 3, 0.0
   57672, 1, 0.0
   57672, 2, 0.0
   57672, 3, 0.0
   57773, 1, 0.0
   57773, 2, 0.0
   57773, 3, 0.0
   57874, 1, 0.0
   57874, 2, 0.0
   57874, 3, 0.0
   57975, 1, 0.0
   57975, 2, 0.0
   57975, 3, 0.0
   58076, 1, 0.0
   58076, 2, 0.0
   58076, 3, 0.0
   58177, 1, 0.0
   58177, 2, 0.0
   58177, 3, 0.0
   58278, 1, 0.0
   58278, 2, 0.0
   58278, 3, 0.0
   58379, 1, 0.0
   58379, 2, 0.0
   58379, 3, 0.0
   58480, 1, 0.0
   58480, 2, 0.0
   58480, 3, 0.0
   58581, 1, 0.0
   58581, 2, 0.0
   58581, 3, 0.0
   58682, 1, 0.0
   58682, 2, 0.0
   58682, 3, 0.0
   58783, 1, 0.0
   58783, 2, 0.0
   58783, 3, 0.0
   58884, 1, 0.0
   58884, 2, 0.0
   58884, 3, 0.0
   58985, 1, 0.0
   58985, 2, 0.0
   58985, 3, 0.0
   59086, 1, 0.0
   59086, 2, 0.0
   59086, 3, 0.0
   59187, 1, 0.0
   59187, 2, 0.0
   59187, 3, 0.0
   59288, 1, 0.0
   59288, 2, 0.0
   59288, 3, 0.0
   59389, 1, 0.0
   59389, 2, 0.0
   59389, 3, 0.0
   59490, 1, 0.0
   59490, 2, 0.0
   59490, 3, 0.0
   59591, 1, 0.0
   59591, 2, 0.0
   59591, 3, 0.0
   59692, 1, 0.0
   59692, 2, 0.0
   59692, 3, 0.0
   59793, 1, 0.0
   59793, 2, 0.0
   59793, 3, 0.0
   59894, 1, 0.0
   59894, 2, 0.0
   59894, 3, 0.0
   59995, 1, 0.0
   59995, 2, 0.0
   59995, 3, 0.0
   60096, 1, 0.0
   60096, 2, 0.0
   60096, 3, 0.0
   60197, 1, 0.0
   60197, 2, 0.0
   60197, 3, 0.0
   60298, 1, 0.0
   60298, 2, 0.0
   60298, 3, 0.0
   60399, 1, 0.0
   60399, 2, 0.0
   60399, 3, 0.0
   60500, 1, 0.0
   60500, 2, 0.0
   60500, 3, 0.0
   60601, 1, 0.0
   60601, 2, 0.0
   60601, 3, 0.0
   60702, 1, 0.0
   60702, 2, 0.0
   60702, 3, 0.0
   60803, 1, 0.0
   60803, 2, 0.0
   60803, 3, 0.0
   60904, 1, 0.0
   60904, 2, 0.0
   60904, 3, 0.0
   61005, 1, 0.0
   61005, 2, 0.0
   61005, 3, 0.0
   61106, 1, 0.0
   61106, 2, 0.0
   61106, 3, 0.0
   61207, 1, 0.0
   61207, 2, 0.0
   61207, 3, 0.0
   61308, 1, 0.0
   61308, 2, 0.0
   61308, 3, 0.0
   61409, 1, 0.0
   61409, 2, 0.0
   61409, 3, 0.0
   61510, 1, 0.0
   61510, 2, 0.0
   61510, 3, 0.0
   61611, 1, 0.0
   61611, 2, 0.0
   61611, 3, 0.0
   61712, 1, 0.0
   61712, 2, 0.0
   61712, 3, 0.0
   61813, 1, 0.0
   61813, 2, 0.0
   61813, 3, 0.0
   61914, 1, 0.0
   61914, 2, 0.0
   61914, 3, 0.0
   62015, 1, 0.0
   62015, 2, 0.0
   62015, 3, 0.0
   62116, 1, 0.0
   62116, 2, 0.0
   62116, 3, 0.0
   62217, 1, 0.0
   62217, 2, 0.0
   62217, 3, 0.0
   62318, 1, 0.0
   62318, 2, 0.0
   62318, 3, 0.0
   62419, 1, 0.0
   62419, 2, 0.0
   62419, 3, 0.0
   62520, 1, 0.0
   62520, 2, 0.0
   62520, 3, 0.0
   62621, 1, 0.0
   62621, 2, 0.0
   62621, 3, 0.0
   62722, 1, 0.0
   62722, 2, 0.0
   62722, 3, 0.0
   62823, 1, 0.0
   62823, 2, 0.0
   62823, 3, 0.0
   62924, 1, 0.0
   62924, 2, 0.0
   62924, 3, 0.0
   63025, 1, 0.0
   63025, 2, 0.0
   63025, 3, 0.0
   63126, 1, 0.0
   63126, 2, 0.0
   63126, 3, 0.0
   63227, 1, 0.0
   63227, 2, 0.0
   63227, 3, 0.0
   63328, 1, 0.0
   63328, 2, 0.0
   63328, 3, 0.0
   63429, 1, 0.0
   63429, 2, 0.0
   63429, 3, 0.0
   63530, 1, 0.0
   63530, 2, 0.0
   63530, 3, 0.0
   63631, 1, 0.0
   63631, 2, 0.0
   63631, 3, 0.0
   63732, 1, 0.0
   63732, 2, 0.0
   63732, 3, 0.0
   63833, 1, 0.0
   63833, 2, 0.0
   63833, 3, 0.0
   63934, 1, 0.0
   63934, 2, 0.0
   63934, 3, 0.0
   64035, 1, 0.0
   64035, 2, 0.0
   64035, 3, 0.0
   64136, 1, 0.0
   64136, 2, 0.0
   64136, 3, 0.0
   64237, 1, 0.0
   64237, 2, 0.0
   64237, 3, 0.0
   64338, 1, 0.0
   64338, 2, 0.0
   64338, 3, 0.0
   64439, 1, 0.0
   64439, 2, 0.0
   64439, 3, 0.0
   64540, 1, 0.0
   64540, 2, 0.0
   64540, 3, 0.0
   64641, 1, 0.0
   64641, 2, 0.0
   64641, 3, 0.0
   64742, 1, 0.0
   64742, 2, 0.0
   64742, 3, 0.0
   64843, 1, 0.0
   64843, 2, 0.0
   64843, 3, 0.0
   64944, 1, 0.0
   64944, 2, 0.0
   64944, 3, 0.0
   65045, 1, 0.0
   65045, 2, 0.0
   65045, 3, 0.0
   65146, 1, 0.0
   65146, 2, 0.0
   65146, 3, 0.0
   65247, 1, 0.0
   65247, 2, 0.0
   65247, 3, 0.0
   65348, 1, 0.0
   65348, 2, 0.0
   65348, 3, 0.0
   65449, 1, 0.0
   65449, 2, 0.0
   65449, 3, 0.0
   65550, 1, 0.0
   65550, 2, 0.0
   65550, 3, 0.0
   65651, 1, 0.0
   65651, 2, 0.0
   65651, 3, 0.0
   65752, 1, 0.0
   65752, 2, 0.0
   65752, 3, 0.0
   65853, 1, 0.0
   65853, 2, 0.0
   65853, 3, 0.0
   65954, 1, 0.0
   65954, 2, 0.0
   65954, 3, 0.0
   66055, 1, 0.0
   66055, 2, 0.0
   66055, 3, 0.0
   66156, 1, 0.0
   66156, 2, 0.0
   66156, 3, 0.0
   66257, 1, 0.0
   66257, 2, 0.0
   66257, 3, 0.0
   66358, 1, 0.0
   66358, 2, 0.0
   66358, 3, 0.0
   66459, 1, 0.0
   66459, 2, 0.0
   66459, 3, 0.0
   66560, 1, 0.0
   66560, 2, 0.0
   66560, 3, 0.0
   66661, 1, 0.0
   66661, 2, 0.0
   66661, 3, 0.0
   66762, 1, 0.0
   66762, 2, 0.0
   66762, 3, 0.0
   66863, 1, 0.0
   66863, 2, 0.0
   66863, 3, 0.0
   66964, 1, 0.0
   66964, 2, 0.0
   66964, 3, 0.0
   67065, 1, 0.0
   67065, 2, 0.0
   67065, 3, 0.0
   67166, 1, 0.0
   67166, 2, 0.0
   67166, 3, 0.0
   67267, 1, 0.0
   67267, 2, 0.0
   67267, 3, 0.0
   67368, 1, 0.0
   67368, 2, 0.0
   67368, 3, 0.0
   67469, 1, 0.0
   67469, 2, 0.0
   67469, 3, 0.0
   67570, 1, 0.0
   67570, 2, 0.0
   67570, 3, 0.0
   67671, 1, 0.0
   67671, 2, 0.0
   67671, 3, 0.0
   67772, 1, 0.0
   67772, 2, 0.0
   67772, 3, 0.0
   67873, 1, 0.0
   67873, 2, 0.0
   67873, 3, 0.0
   67974, 1, 0.0
   67974, 2, 0.0
   67974, 3, 0.0
   68075, 1, 0.0
   68075, 2, 0.0
   68075, 3, 0.0
   68176, 1, 0.0
   68176, 2, 0.0
   68176, 3, 0.0
   68277, 1, 0.0
   68277, 2, 0.0
   68277, 3, 0.0
   68378, 1, 0.0
   68378, 2, 0.0
   68378, 3, 0.0
   68479, 1, 0.0
   68479, 2, 0.0
   68479, 3, 0.0
   68580, 1, 0.0
   68580, 2, 0.0
   68580, 3, 0.0
   68681, 1, 0.0
   68681, 2, 0.0
   68681, 3, 0.0
   68782, 1, 0.0
   68782, 2, 0.0
   68782, 3, 0.0
   68883, 1, 0.0
   68883, 2, 0.0
   68883, 3, 0.0
   68984, 1, 0.0
   68984, 2, 0.0
   68984, 3, 0.0
   69085, 1, 0.0
   69085, 2, 0.0
   69085, 3, 0.0
   69186, 1, 0.0
   69186, 2, 0.0
   69186, 3, 0.0
   69287, 1, 0.0
   69287, 2, 0.0
   69287, 3, 0.0
   69388, 1, 0.0
   69388, 2, 0.0
   69388, 3, 0.0
   69489, 1, 0.0
   69489, 2, 0.0
   69489, 3, 0.0
   69590, 1, 0.0
   69590, 2, 0.0
   69590, 3, 0.0
   69691, 1, 0.0
   69691, 2, 0.0
   69691, 3, 0.0
   69792, 1, 0.0
   69792, 2, 0.0
   69792, 3, 0.0
   69893, 1, 0.0
   69893, 2, 0.0
   69893, 3, 0.0
   69994, 1, 0.0
   69994, 2, 0.0
   69994, 3, 0.0
   70095, 1, 0.0
   70095, 2, 0.0
   70095, 3, 0.0
   70196, 1, 0.0
   70196, 2, 0.0
   70196, 3, 0.0
   70297, 1, 0.0
   70297, 2, 0.0
   70297, 3, 0.0
   70398, 1, 0.0
   70398, 2, 0.0
   70398, 3, 0.0
   70499, 1, 0.0
   70499, 2, 0.0
   70499, 3, 0.0
   70600, 1, 0.0
   70600, 2, 0.0
   70600, 3, 0.0
   70701, 1, 0.0
   70701, 2, 0.0
   70701, 3, 0.0
   70802, 1, 0.0
   70802, 2, 0.0
   70802, 3, 0.0
   70903, 1, 0.0
   70903, 2, 0.0
   70903, 3, 0.0
   71004, 1, 0.0
   71004, 2, 0.0
   71004, 3, 0.0
   71105, 1, 0.0
   71105, 2, 0.0
   71105, 3, 0.0
   71206, 1, 0.0
   71206, 2, 0.0
   71206, 3, 0.0
   71307, 1, 0.0
   71307, 2, 0.0
   71307, 3, 0.0
   71408, 1, 0.0
   71408, 2, 0.0
   71408, 3, 0.0
   71509, 1, 0.0
   71509, 2, 0.0
   71509, 3, 0.0
   71610, 1, 0.0
   71610, 2, 0.0
   71610, 3, 0.0
   71711, 1, 0.0
   71711, 2, 0.0
   71711, 3, 0.0
   71812, 1, 0.0
   71812, 2, 0.0
   71812, 3, 0.0
   71913, 1, 0.0
   71913, 2, 0.0
   71913, 3, 0.0
   72014, 1, 0.0
   72014, 2, 0.0
   72014, 3, 0.0
   72115, 1, 0.0
   72115, 2, 0.0
   72115, 3, 0.0
   72216, 1, 0.0
   72216, 2, 0.0
   72216, 3, 0.0
   72317, 1, 0.0
   72317, 2, 0.0
   72317, 3, 0.0
   72418, 1, 0.0
   72418, 2, 0.0
   72418, 3, 0.0
   72519, 1, 0.0
   72519, 2, 0.0
   72519, 3, 0.0
   72620, 1, 0.0
   72620, 2, 0.0
   72620, 3, 0.0
   72721, 1, 0.0
   72721, 2, 0.0
   72721, 3, 0.0
   72822, 1, 0.0
   72822, 2, 0.0
   72822, 3, 0.0
   72923, 1, 0.0
   72923, 2, 0.0
   72923, 3, 0.0
   73024, 1, 0.0
   73024, 2, 0.0
   73024, 3, 0.0
   73125, 1, 0.0
   73125, 2, 0.0
   73125, 3, 0.0
   73226, 1, 0.0
   73226, 2, 0.0
   73226, 3, 0.0
   73327, 1, 0.0
   73327, 2, 0.0
   73327, 3, 0.0
   73428, 1, 0.0
   73428, 2, 0.0
   73428, 3, 0.0
   73529, 1, 0.0
   73529, 2, 0.0
   73529, 3, 0.0
   73630, 1, 0.0
   73630, 2, 0.0
   73630, 3, 0.0
   73731, 1, 0.0
   73731, 2, 0.0
   73731, 3, 0.0
   73832, 1, 0.0
   73832, 2, 0.0
   73832, 3, 0.0
   73933, 1, 0.0
   73933, 2, 0.0
   73933, 3, 0.0
   74034, 1, 0.0
   74034, 2, 0.0
   74034, 3, 0.0
   74135, 1, 0.0
   74135, 2, 0.0
   74135, 3, 0.0
   74236, 1, 0.0
   74236, 2, 0.0
   74236, 3, 0.0
   74337, 1, 0.0
   74337, 2, 0.0
   74337, 3, 0.0
   74438, 1, 0.0
   74438, 2, 0.0
   74438, 3, 0.0
   74539, 1, 0.0
   74539, 2, 0.0
   74539, 3, 0.0
   74640, 1, 0.0
   74640, 2, 0.0
   74640, 3, 0.0
   74741, 1, 0.0
   74741, 2, 0.0
   74741, 3, 0.0
   74842, 1, 0.0
   74842, 2, 0.0
   74842, 3, 0.0
   74943, 1, 0.0
   74943, 2, 0.0
   74943, 3, 0.0
   75044, 1, 0.0
   75044, 2, 0.0
   75044, 3, 0.0
   75145, 1, 0.0
   75145, 2, 0.0
   75145, 3, 0.0
   75246, 1, 0.0
   75246, 2, 0.0
   75246, 3, 0.0
   75347, 1, 0.0
   75347, 2, 0.0
   75347, 3, 0.0
   75448, 1, 0.0
   75448, 2, 0.0
   75448, 3, 0.0
   75549, 1, 0.0
   75549, 2, 0.0
   75549, 3, 0.0
   75650, 1, 0.0
   75650, 2, 0.0
   75650, 3, 0.0
   75751, 1, 0.0
   75751, 2, 0.0
   75751, 3, 0.0
   75852, 1, 0.0
   75852, 2, 0.0
   75852, 3, 0.0
   75953, 1, 0.0
   75953, 2, 0.0
   75953, 3, 0.0
   76054, 1, 0.0
   76054, 2, 0.0
   76054, 3, 0.0
   76155, 1, 0.0
   76155, 2, 0.0
   76155, 3, 0.0
   76256, 1, 0.0
   76256, 2, 0.0
   76256, 3, 0.0
   76357, 1, 0.0
   76357, 2, 0.0
   76357, 3, 0.0
   76458, 1, 0.0
   76458, 2, 0.0
   76458, 3, 0.0
   76559, 1, 0.0
   76559, 2, 0.0
   76559, 3, 0.0
   76660, 1, 0.0
   76660, 2, 0.0
   76660, 3, 0.0
   76761, 1, 0.0
   76761, 2, 0.0
   76761, 3, 0.0
   76862, 1, 0.0
   76862, 2, 0.0
   76862, 3, 0.0
   76963, 1, 0.0
   76963, 2, 0.0
   76963, 3, 0.0
   77064, 1, 0.0
   77064, 2, 0.0
   77064, 3, 0.0
   77165, 1, 0.0
   77165, 2, 0.0
   77165, 3, 0.0
   77266, 1, 0.0
   77266, 2, 0.0
   77266, 3, 0.0
   77367, 1, 0.0
   77367, 2, 0.0
   77367, 3, 0.0
   77468, 1, 0.0
   77468, 2, 0.0
   77468, 3, 0.0
   77569, 1, 0.0
   77569, 2, 0.0
   77569, 3, 0.0
   77670, 1, 0.0
   77670, 2, 0.0
   77670, 3, 0.0
   77771, 1, 0.0
   77771, 2, 0.0
   77771, 3, 0.0
   77872, 1, 0.0
   77872, 2, 0.0
   77872, 3, 0.0
   77973, 1, 0.0
   77973, 2, 0.0
   77973, 3, 0.0
   78074, 1, 0.0
   78074, 2, 0.0
   78074, 3, 0.0
   78175, 1, 0.0
   78175, 2, 0.0
   78175, 3, 0.0
   78276, 1, 0.0
   78276, 2, 0.0
   78276, 3, 0.0
   78377, 1, 0.0
   78377, 2, 0.0
   78377, 3, 0.0
   78478, 1, 0.0
   78478, 2, 0.0
   78478, 3, 0.0
   78579, 1, 0.0
   78579, 2, 0.0
   78579, 3, 0.0
   78680, 1, 0.0
   78680, 2, 0.0
   78680, 3, 0.0
   78781, 1, 0.0
   78781, 2, 0.0
   78781, 3, 0.0
   78882, 1, 0.0
   78882, 2, 0.0
   78882, 3, 0.0
   78983, 1, 0.0
   78983, 2, 0.0
   78983, 3, 0.0
   79084, 1, 0.0
   79084, 2, 0.0
   79084, 3, 0.0
   79185, 1, 0.0
   79185, 2, 0.0
   79185, 3, 0.0
   79286, 1, 0.0
   79286, 2, 0.0
   79286, 3, 0.0
   79387, 1, 0.0
   79387, 2, 0.0
   79387, 3, 0.0
   79488, 1, 0.0
   79488, 2, 0.0
   79488, 3, 0.0
   79589, 1, 0.0
   79589, 2, 0.0
   79589, 3, 0.0
   79690, 1, 0.0
   79690, 2, 0.0
   79690, 3, 0.0
   79791, 1, 0.0
   79791, 2, 0.0
   79791, 3, 0.0
   79892, 1, 0.0
   79892, 2, 0.0
   79892, 3, 0.0
   79993, 1, 0.0
   79993, 2, 0.0
   79993, 3, 0.0
   80094, 1, 0.0
   80094, 2, 0.0
   80094, 3, 0.0
   80195, 1, 0.0
   80195, 2, 0.0
   80195, 3, 0.0
   80296, 1, 0.0
   80296, 2, 0.0
   80296, 3, 0.0
   80397, 1, 0.0
   80397, 2, 0.0
   80397, 3, 0.0
   80498, 1, 0.0
   80498, 2, 0.0
   80498, 3, 0.0
   80599, 1, 0.0
   80599, 2, 0.0
   80599, 3, 0.0
   80700, 1, 0.0
   80700, 2, 0.0
   80700, 3, 0.0
   80801, 1, 0.0
   80801, 2, 0.0
   80801, 3, 0.0
   80902, 1, 0.0
   80902, 2, 0.0
   80902, 3, 0.0
   81003, 1, 0.0
   81003, 2, 0.0
   81003, 3, 0.0
   81104, 1, 0.0
   81104, 2, 0.0
   81104, 3, 0.0
   81205, 1, 0.0
   81205, 2, 0.0
   81205, 3, 0.0
   81306, 1, 0.0
   81306, 2, 0.0
   81306, 3, 0.0
   81407, 1, 0.0
   81407, 2, 0.0
   81407, 3, 0.0
   81508, 1, 0.0
   81508, 2, 0.0
   81508, 3, 0.0
   81609, 1, 0.0
   81609, 2, 0.0
   81609, 3, 0.0
   81710, 1, 0.0
   81710, 2, 0.0
   81710, 3, 0.0
   81811, 1, 0.0
   81811, 2, 0.0
   81811, 3, 0.0
   81912, 1, 0.0
   81912, 2, 0.0
   81912, 3, 0.0
   82013, 1, 0.0
   82013, 2, 0.0
   82013, 3, 0.0
   82114, 1, 0.0
   82114, 2, 0.0
   82114, 3, 0.0
   82215, 1, 0.0
   82215, 2, 0.0
   82215, 3, 0.0
   82316, 1, 0.0
   82316, 2, 0.0
   82316, 3, 0.0
   82417, 1, 0.0
   82417, 2, 0.0
   82417, 3, 0.0
   82518, 1, 0.0
   82518, 2, 0.0
   82518, 3, 0.0
   82619, 1, 0.0
   82619, 2, 0.0
   82619, 3, 0.0
   82720, 1, 0.0
   82720, 2, 0.0
   82720, 3, 0.0
   82821, 1, 0.0
   82821, 2, 0.0
   82821, 3, 0.0
   82922, 1, 0.0
   82922, 2, 0.0
   82922, 3, 0.0
   83023, 1, 0.0
   83023, 2, 0.0
   83023, 3, 0.0
   83124, 1, 0.0
   83124, 2, 0.0
   83124, 3, 0.0
   83225, 1, 0.0
   83225, 2, 0.0
   83225, 3, 0.0
   83326, 1, 0.0
   83326, 2, 0.0
   83326, 3, 0.0
   83427, 1, 0.0
   83427, 2, 0.0
   83427, 3, 0.0
   83528, 1, 0.0
   83528, 2, 0.0
   83528, 3, 0.0
   83629, 1, 0.0
   83629, 2, 0.0
   83629, 3, 0.0
   83730, 1, 0.0
   83730, 2, 0.0
   83730, 3, 0.0
   83831, 1, 0.0
   83831, 2, 0.0
   83831, 3, 0.0
   83932, 1, 0.0
   83932, 2, 0.0
   83932, 3, 0.0
   84033, 1, 0.0
   84033, 2, 0.0
   84033, 3, 0.0
   84134, 1, 0.0
   84134, 2, 0.0
   84134, 3, 0.0
   84235, 1, 0.0
   84235, 2, 0.0
   84235, 3, 0.0
   84336, 1, 0.0
   84336, 2, 0.0
   84336, 3, 0.0
   84437, 1, 0.0
   84437, 2, 0.0
   84437, 3, 0.0
   84538, 1, 0.0
   84538, 2, 0.0
   84538, 3, 0.0
   84639, 1, 0.0
   84639, 2, 0.0
   84639, 3, 0.0
   84740, 1, 0.0
   84740, 2, 0.0
   84740, 3, 0.0
   84841, 1, 0.0
   84841, 2, 0.0
   84841, 3, 0.0
   84942, 1, 0.0
   84942, 2, 0.0
   84942, 3, 0.0
   85043, 1, 0.0
   85043, 2, 0.0
   85043, 3, 0.0
   85144, 1, 0.0
   85144, 2, 0.0
   85144, 3, 0.0
   85245, 1, 0.0
   85245, 2, 0.0
   85245, 3, 0.0
   85346, 1, 0.0
   85346, 2, 0.0
   85346, 3, 0.0
   85447, 1, 0.0
   85447, 2, 0.0
   85447, 3, 0.0
   85548, 1, 0.0
   85548, 2, 0.0
   85548, 3, 0.0
   85649, 1, 0.0
   85649, 2, 0.0
   85649, 3, 0.0
   85750, 1, 0.0
   85750, 2, 0.0
   85750, 3, 0.0
   85851, 1, 0.0
   85851, 2, 0.0
   85851, 3, 0.0
   85952, 1, 0.0
   85952, 2, 0.0
   85952, 3, 0.0
   86053, 1, 0.0
   86053, 2, 0.0
   86053, 3, 0.0
   86154, 1, 0.0
   86154, 2, 0.0
   86154, 3, 0.0
   86255, 1, 0.0
   86255, 2, 0.0
   86255, 3, 0.0
   86356, 1, 0.0
   86356, 2, 0.0
   86356, 3, 0.0
   86457, 1, 0.0
   86457, 2, 0.0
   86457, 3, 0.0
   86558, 1, 0.0
   86558, 2, 0.0
   86558, 3, 0.0
   86659, 1, 0.0
   86659, 2, 0.0
   86659, 3, 0.0
   86760, 1, 0.0
   86760, 2, 0.0
   86760, 3, 0.0
   86861, 1, 0.0
   86861, 2, 0.0
   86861, 3, 0.0
   86962, 1, 0.0
   86962, 2, 0.0
   86962, 3, 0.0
   87063, 1, 0.0
   87063, 2, 0.0
   87063, 3, 0.0
   87164, 1, 0.0
   87164, 2, 0.0
   87164, 3, 0.0
   87265, 1, 0.0
   87265, 2, 0.0
   87265, 3, 0.0
   87366, 1, 0.0
   87366, 2, 0.0
   87366, 3, 0.0
   87467, 1, 0.0
   87467, 2, 0.0
   87467, 3, 0.0
   87568, 1, 0.0
   87568, 2, 0.0
   87568, 3, 0.0
   87669, 1, 0.0
   87669, 2, 0.0
   87669, 3, 0.0
   87770, 1, 0.0
   87770, 2, 0.0
   87770, 3, 0.0
   87871, 1, 0.0
   87871, 2, 0.0
   87871, 3, 0.0
   87972, 1, 0.0
   87972, 2, 0.0
   87972, 3, 0.0
   88073, 1, 0.0
   88073, 2, 0.0
   88073, 3, 0.0
   88174, 1, 0.0
   88174, 2, 0.0
   88174, 3, 0.0
   88275, 1, 0.0
   88275, 2, 0.0
   88275, 3, 0.0
   88376, 1, 0.0
   88376, 2, 0.0
   88376, 3, 0.0
   88477, 1, 0.0
   88477, 2, 0.0
   88477, 3, 0.0
   88578, 1, 0.0
   88578, 2, 0.0
   88578, 3, 0.0
   88679, 1, 0.0
   88679, 2, 0.0
   88679, 3, 0.0
   88780, 1, 0.0
   88780, 2, 0.0
   88780, 3, 0.0
   88881, 1, 0.0
   88881, 2, 0.0
   88881, 3, 0.0
   88982, 1, 0.0
   88982, 2, 0.0
   88982, 3, 0.0
   89083, 1, 0.0
   89083, 2, 0.0
   89083, 3, 0.0
   89184, 1, 0.0
   89184, 2, 0.0
   89184, 3, 0.0
   89285, 1, 0.0
   89285, 2, 0.0
   89285, 3, 0.0
   89386, 1, 0.0
   89386, 2, 0.0
   89386, 3, 0.0
   89487, 1, 0.0
   89487, 2, 0.0
   89487, 3, 0.0
   89588, 1, 0.0
   89588, 2, 0.0
   89588, 3, 0.0
   89689, 1, 0.0
   89689, 2, 0.0
   89689, 3, 0.0
   89790, 1, 0.0
   89790, 2, 0.0
   89790, 3, 0.0
   89891, 1, 0.0
   89891, 2, 0.0
   89891, 3, 0.0
   89992, 1, 0.0
   89992, 2, 0.0
   89992, 3, 0.0
   90093, 1, 0.0
   90093, 2, 0.0
   90093, 3, 0.0
   90194, 1, 0.0
   90194, 2, 0.0
   90194, 3, 0.0
   90295, 1, 0.0
   90295, 2, 0.0
   90295, 3, 0.0
   90396, 1, 0.0
   90396, 2, 0.0
   90396, 3, 0.0
   90497, 1, 0.0
   90497, 2, 0.0
   90497, 3, 0.0
   90598, 1, 0.0
   90598, 2, 0.0
   90598, 3, 0.0
   90699, 1, 0.0
   90699, 2, 0.0
   90699, 3, 0.0
   90800, 1, 0.0
   90800, 2, 0.0
   90800, 3, 0.0
   90901, 1, 0.0
   90901, 2, 0.0
   90901, 3, 0.0
   91002, 1, 0.0
   91002, 2, 0.0
   91002, 3, 0.0
   91103, 1, 0.0
   91103, 2, 0.0
   91103, 3, 0.0
   91204, 1, 0.0
   91204, 2, 0.0
   91204, 3, 0.0
   91305, 1, 0.0
   91305, 2, 0.0
   91305, 3, 0.0
   91406, 1, 0.0
   91406, 2, 0.0
   91406, 3, 0.0
   91507, 1, 0.0
   91507, 2, 0.0
   91507, 3, 0.0
   91608, 1, 0.0
   91608, 2, 0.0
   91608, 3, 0.0
   91709, 1, 0.0
   91709, 2, 0.0
   91709, 3, 0.0
   91810, 1, 0.0
   91810, 2, 0.0
   91810, 3, 0.0
   91911, 1, 0.0
   91911, 2, 0.0
   91911, 3, 0.0
   92012, 1, 0.0
   92012, 2, 0.0
   92012, 3, 0.0
   92113, 1, 0.0
   92113, 2, 0.0
   92113, 3, 0.0
   92214, 1, 0.0
   92214, 2, 0.0
   92214, 3, 0.0
   92315, 1, 0.0
   92315, 2, 0.0
   92315, 3, 0.0
   92416, 1, 0.0
   92416, 2, 0.0
   92416, 3, 0.0
   92517, 1, 0.0
   92517, 2, 0.0
   92517, 3, 0.0
   92618, 1, 0.0
   92618, 2, 0.0
   92618, 3, 0.0
   92719, 1, 0.0
   92719, 2, 0.0
   92719, 3, 0.0
   92820, 1, 0.0
   92820, 2, 0.0
   92820, 3, 0.0
   92921, 1, 0.0
   92921, 2, 0.0
   92921, 3, 0.0
   93022, 1, 0.0
   93022, 2, 0.0
   93022, 3, 0.0
   93123, 1, 0.0
   93123, 2, 0.0
   93123, 3, 0.0
   93224, 1, 0.0
   93224, 2, 0.0
   93224, 3, 0.0
   93325, 1, 0.0
   93325, 2, 0.0
   93325, 3, 0.0
   93426, 1, 0.0
   93426, 2, 0.0
   93426, 3, 0.0
   93527, 1, 0.0
   93527, 2, 0.0
   93527, 3, 0.0
   93628, 1, 0.0
   93628, 2, 0.0
   93628, 3, 0.0
   93729, 1, 0.0
   93729, 2, 0.0
   93729, 3, 0.0
   93830, 1, 0.0
   93830, 2, 0.0
   93830, 3, 0.0
   93931, 1, 0.0
   93931, 2, 0.0
   93931, 3, 0.0
   94032, 1, 0.0
   94032, 2, 0.0
   94032, 3, 0.0
   94133, 1, 0.0
   94133, 2, 0.0
   94133, 3, 0.0
   94234, 1, 0.0
   94234, 2, 0.0
   94234, 3, 0.0
   94335, 1, 0.0
   94335, 2, 0.0
   94335, 3, 0.0
   94436, 1, 0.0
   94436, 2, 0.0
   94436, 3, 0.0
   94537, 1, 0.0
   94537, 2, 0.0
   94537, 3, 0.0
   94638, 1, 0.0
   94638, 2, 0.0
   94638, 3, 0.0
   94739, 1, 0.0
   94739, 2, 0.0
   94739, 3, 0.0
   94840, 1, 0.0
   94840, 2, 0.0
   94840, 3, 0.0
   94941, 1, 0.0
   94941, 2, 0.0
   94941, 3, 0.0
   95042, 1, 0.0
   95042, 2, 0.0
   95042, 3, 0.0
   95143, 1, 0.0
   95143, 2, 0.0
   95143, 3, 0.0
   95244, 1, 0.0
   95244, 2, 0.0
   95244, 3, 0.0
   95345, 1, 0.0
   95345, 2, 0.0
   95345, 3, 0.0
   95446, 1, 0.0
   95446, 2, 0.0
   95446, 3, 0.0
   95547, 1, 0.0
   95547, 2, 0.0
   95547, 3, 0.0
   95648, 1, 0.0
   95648, 2, 0.0
   95648, 3, 0.0
   95749, 1, 0.0
   95749, 2, 0.0
   95749, 3, 0.0
   95850, 1, 0.0
   95850, 2, 0.0
   95850, 3, 0.0
   95951, 1, 0.0
   95951, 2, 0.0
   95951, 3, 0.0
   96052, 1, 0.0
   96052, 2, 0.0
   96052, 3, 0.0
   96153, 1, 0.0
   96153, 2, 0.0
   96153, 3, 0.0
   96254, 1, 0.0
   96254, 2, 0.0
   96254, 3, 0.0
   96355, 1, 0.0
   96355, 2, 0.0
   96355, 3, 0.0
   96456, 1, 0.0
   96456, 2, 0.0
   96456, 3, 0.0
   96557, 1, 0.0
   96557, 2, 0.0
   96557, 3, 0.0
   96658, 1, 0.0
   96658, 2, 0.0
   96658, 3, 0.0
   96759, 1, 0.0
   96759, 2, 0.0
   96759, 3, 0.0
   96860, 1, 0.0
   96860, 2, 0.0
   96860, 3, 0.0
   96961, 1, 0.0
   96961, 2, 0.0
   96961, 3, 0.0
   97062, 1, 0.0
   97062, 2, 0.0
   97062, 3, 0.0
   97163, 1, 0.0
   97163, 2, 0.0
   97163, 3, 0.0
   97264, 1, 0.0
   97264, 2, 0.0
   97264, 3, 0.0
   97365, 1, 0.0
   97365, 2, 0.0
   97365, 3, 0.0
   97466, 1, 0.0
   97466, 2, 0.0
   97466, 3, 0.0
   97567, 1, 0.0
   97567, 2, 0.0
   97567, 3, 0.0
   97668, 1, 0.0
   97668, 2, 0.0
   97668, 3, 0.0
   97769, 1, 0.0
   97769, 2, 0.0
   97769, 3, 0.0
   97870, 1, 0.0
   97870, 2, 0.0
   97870, 3, 0.0
   97971, 1, 0.0
   97971, 2, 0.0
   97971, 3, 0.0
   98072, 1, 0.0
   98072, 2, 0.0
   98072, 3, 0.0
   98173, 1, 0.0
   98173, 2, 0.0
   98173, 3, 0.0
   98274, 1, 0.0
   98274, 2, 0.0
   98274, 3, 0.0
   98375, 1, 0.0
   98375, 2, 0.0
   98375, 3, 0.0
   98476, 1, 0.0
   98476, 2, 0.0
   98476, 3, 0.0
   98577, 1, 0.0
   98577, 2, 0.0
   98577, 3, 0.0
   98678, 1, 0.0
   98678, 2, 0.0
   98678, 3, 0.0
   98779, 1, 0.0
   98779, 2, 0.0
   98779, 3, 0.0
   98880, 1, 0.0
   98880, 2, 0.0
   98880, 3, 0.0
   98981, 1, 0.0
   98981, 2, 0.0
   98981, 3, 0.0
   99082, 1, 0.0
   99082, 2, 0.0
   99082, 3, 0.0
   99183, 1, 0.0
   99183, 2, 0.0
   99183, 3, 0.0
   99284, 1, 0.0
   99284, 2, 0.0
   99284, 3, 0.0
   99385, 1, 0.0
   99385, 2, 0.0
   99385, 3, 0.0
   99486, 1, 0.0
   99486, 2, 0.0
   99486, 3, 0.0
   99587, 1, 0.0
   99587, 2, 0.0
   99587, 3, 0.0
   99688, 1, 0.0
   99688, 2, 0.0
   99688, 3, 0.0
   99789, 1, 0.0
   99789, 2, 0.0
   99789, 3, 0.0
   99890, 1, 0.0
   99890, 2, 0.0
   99890, 3, 0.0
   99991, 1, 0.0
   99991, 2, 0.0
   99991, 3, 0.0
  100092, 1, 0.0
  100092, 2, 0.0
  100092, 3, 0.0
  100193, 1, 0.0
  100193, 2, 0.0
  100193, 3, 0.0
  100294, 1, 0.0
  100294, 2, 0.0
  100294, 3, 0.0
  100395, 1, 0.0
  100395, 2, 0.0
  100395, 3, 0.0
  100496, 1, 0.0
  100496, 2, 0.0
  100496, 3, 0.0
  100597, 1, 0.0
  100597, 2, 0.0
  100597, 3, 0.0
  100698, 1, 0.0
  100698, 2, 0.0
  100698, 3, 0.0
  100799, 1, 0.0
  100799, 2, 0.0
  100799, 3, 0.0
  100900, 1, 0.0
  100900, 2, 0.0
  100900, 3, 0.0
  101001, 1, 0.0
  101001, 2, 0.0
  101001, 3, 0.0
  101102, 1, 0.0
  101102, 2, 0.0
  101102, 3, 0.0
  101203, 1, 0.0
  101203, 2, 0.0
  101203, 3, 0.0
  101304, 1, 0.0
  101304, 2, 0.0
  101304, 3, 0.0
  101405, 1, 0.0
  101405, 2, 0.0
  101405, 3, 0.0
  101506, 1, 0.0
  101506, 2, 0.0
  101506, 3, 0.0
  101607, 1, 0.0
  101607, 2, 0.0
  101607, 3, 0.0
  101708, 1, 0.0
  101708, 2, 0.0
  101708, 3, 0.0
  101809, 1, 0.0
  101809, 2, 0.0
  101809, 3, 0.0
  101910, 1, 0.0
  101910, 2, 0.0
  101910, 3, 0.0
  102011, 1, 0.0
  102011, 2, 0.0
  102011, 3, 0.0
  102112, 1, 0.0
  102112, 2, 0.0
  102112, 3, 0.0
  102213, 1, 0.0
  102213, 2, 0.0
  102213, 3, 0.0
  102314, 1, 0.0
  102314, 2, 0.0
  102314, 3, 0.0
  102415, 1, 0.0
  102415, 2, 0.0
  102415, 3, 0.0
  102516, 1, 0.0
  102516, 2, 0.0
  102516, 3, 0.0
  102617, 1, 0.0
  102617, 2, 0.0
  102617, 3, 0.0
  102718, 1, 0.0
  102718, 2, 0.0
  102718, 3, 0.0
  102819, 1, 0.0
  102819, 2, 0.0
  102819, 3, 0.0
  102920, 1, 0.0
  102920, 2, 0.0
  102920, 3, 0.0
  103021, 1, 0.0
  103021, 2, 0.0
  103021, 3, 0.0
  103122, 1, 0.0
  103122, 2, 0.0
  103122, 3, 0.0
  103223, 1, 0.0
  103223, 2, 0.0
  103223, 3, 0.0
  103324, 1, 0.0
  103324, 2, 0.0
  103324, 3, 0.0
  103425, 1, 0.0
  103425, 2, 0.0
  103425, 3, 0.0
  103526, 1, 0.0
  103526, 2, 0.0
  103526, 3, 0.0
  103627, 1, 0.0
  103627, 2, 0.0
  103627, 3, 0.0
  103728, 1, 0.0
  103728, 2, 0.0
  103728, 3, 0.0
  103829, 1, 0.0
  103829, 2, 0.0
  103829, 3, 0.0
  103930, 1, 0.0
  103930, 2, 0.0
  103930, 3, 0.0
  104031, 1, 0.0
  104031, 2, 0.0
  104031, 3, 0.0
  104132, 1, 0.0
  104132, 2, 0.0
  104132, 3, 0.0
  104233, 1, 0.0
  104233, 2, 0.0
  104233, 3, 0.0
  104334, 1, 0.0
  104334, 2, 0.0
  104334, 3, 0.0
  104435, 1, 0.0
  104435, 2, 0.0
  104435, 3, 0.0
  104536, 1, 0.0
  104536, 2, 0.0
  104536, 3, 0.0
  104637, 1, 0.0
  104637, 2, 0.0
  104637, 3, 0.0
  104738, 1, 0.0
  104738, 2, 0.0
  104738, 3, 0.0
  104839, 1, 0.0
  104839, 2, 0.0
  104839, 3, 0.0
  104940, 1, 0.0
  104940, 2, 0.0
  104940, 3, 0.0
  105041, 1, 0.0
  105041, 2, 0.0
  105041, 3, 0.0
  105142, 1, 0.0
  105142, 2, 0.0
  105142, 3, 0.0
  105243, 1, 0.0
  105243, 2, 0.0
  105243, 3, 0.0
  105344, 1, 0.0
  105344, 2, 0.0
  105344, 3, 0.0
  105445, 1, 0.0
  105445, 2, 0.0
  105445, 3, 0.0
  105546, 1, 0.0
  105546, 2, 0.0
  105546, 3, 0.0
  105647, 1, 0.0
  105647, 2, 0.0
  105647, 3, 0.0
  105748, 1, 0.0
  105748, 2, 0.0
  105748, 3, 0.0
  105849, 1, 0.0
  105849, 2, 0.0
  105849, 3, 0.0
  105950, 1, 0.0
  105950, 2, 0.0
  105950, 3, 0.0
  106051, 1, 0.0
  106051, 2, 0.0
  106051, 3, 0.0
  106152, 1, 0.0
  106152, 2, 0.0
  106152, 3, 0.0
  106253, 1, 0.0
  106253, 2, 0.0
  106253, 3, 0.0
  106354, 1, 0.0
  106354, 2, 0.0
  106354, 3, 0.0
  106455, 1, 0.0
  106455, 2, 0.0
  106455, 3, 0.0
  106556, 1, 0.0
  106556, 2, 0.0
  106556, 3, 0.0
  106657, 1, 0.0
  106657, 2, 0.0
  106657, 3, 0.0
  106758, 1, 0.0
  106758, 2, 0.0
  106758, 3, 0.0
  106859, 1, 0.0
  106859, 2, 0.0
  106859, 3, 0.0
  106960, 1, 0.0
  106960, 2, 0.0
  106960, 3, 0.0
  107061, 1, 0.0
  107061, 2, 0.0
  107061, 3, 0.0
  107162, 1, 0.0
  107162, 2, 0.0
  107162, 3, 0.0
  107263, 1, 0.0
  107263, 2, 0.0
  107263, 3, 0.0
  107364, 1, 0.0
  107364, 2, 0.0
  107364, 3, 0.0
  107465, 1, 0.0
  107465, 2, 0.0
  107465, 3, 0.0
  107566, 1, 0.0
  107566, 2, 0.0
  107566, 3, 0.0
  107667, 1, 0.0
  107667, 2, 0.0
  107667, 3, 0.0
  107768, 1, 0.0
  107768, 2, 0.0
  107768, 3, 0.0
  107869, 1, 0.0
  107869, 2, 0.0
  107869, 3, 0.0
  107970, 1, 0.0
  107970, 2, 0.0
  107970, 3, 0.0
  108071, 1, 0.0
  108071, 2, 0.0
  108071, 3, 0.0
  108172, 1, 0.0
  108172, 2, 0.0
  108172, 3, 0.0
  108273, 1, 0.0
  108273, 2, 0.0
  108273, 3, 0.0
  108374, 1, 0.0
  108374, 2, 0.0
  108374, 3, 0.0
  108475, 1, 0.0
  108475, 2, 0.0
  108475, 3, 0.0
  108576, 1, 0.0
  108576, 2, 0.0
  108576, 3, 0.0
  108677, 1, 0.0
  108677, 2, 0.0
  108677, 3, 0.0
  108778, 1, 0.0
  108778, 2, 0.0
  108778, 3, 0.0
  108879, 1, 0.0
  108879, 2, 0.0
  108879, 3, 0.0
  108980, 1, 0.0
  108980, 2, 0.0
  108980, 3, 0.0
  109081, 1, 0.0
  109081, 2, 0.0
  109081, 3, 0.0
  109182, 1, 0.0
  109182, 2, 0.0
  109182, 3, 0.0
  109283, 1, 0.0
  109283, 2, 0.0
  109283, 3, 0.0
  109384, 1, 0.0
  109384, 2, 0.0
  109384, 3, 0.0
  109485, 1, 0.0
  109485, 2, 0.0
  109485, 3, 0.0
  109586, 1, 0.0
  109586, 2, 0.0
  109586, 3, 0.0
  109687, 1, 0.0
  109687, 2, 0.0
  109687, 3, 0.0
  109788, 1, 0.0
  109788, 2, 0.0
  109788, 3, 0.0
  109889, 1, 0.0
  109889, 2, 0.0
  109889, 3, 0.0
  109990, 1, 0.0
  109990, 2, 0.0
  109990, 3, 0.0
  110091, 1, 0.0
  110091, 2, 0.0
  110091, 3, 0.0
  110192, 1, 0.0
  110192, 2, 0.0
  110192, 3, 0.0
  110293, 1, 0.0
  110293, 2, 0.0
  110293, 3, 0.0
  110394, 1, 0.0
  110394, 2, 0.0
  110394, 3, 0.0
  110495, 1, 0.0
  110495, 2, 0.0
  110495, 3, 0.0
  110596, 1, 0.0
  110596, 2, 0.0
  110596, 3, 0.0
  110697, 1, 0.0
  110697, 2, 0.0
  110697, 3, 0.0
  110798, 1, 0.0
  110798, 2, 0.0
  110798, 3, 0.0
  110899, 1, 0.0
  110899, 2, 0.0
  110899, 3, 0.0
  111000, 1, 0.0
  111000, 2, 0.0
  111000, 3, 0.0
  111101, 1, 0.0
  111101, 2, 0.0
  111101, 3, 0.0
  111202, 1, 0.0
  111202, 2, 0.0
  111202, 3, 0.0
  111303, 1, 0.0
  111303, 2, 0.0
  111303, 3, 0.0
  111404, 1, 0.0
  111404, 2, 0.0
  111404, 3, 0.0
  111505, 1, 0.0
  111505, 2, 0.0
  111505, 3, 0.0
  111606, 1, 0.0
  111606, 2, 0.0
  111606, 3, 0.0
  111707, 1, 0.0
  111707, 2, 0.0
  111707, 3, 0.0
  111808, 1, 0.0
  111808, 2, 0.0
  111808, 3, 0.0
  111909, 1, 0.0
  111909, 2, 0.0
  111909, 3, 0.0
  112010, 1, 0.0
  112010, 2, 0.0
  112010, 3, 0.0
  112111, 1, 0.0
  112111, 2, 0.0
  112111, 3, 0.0
