1353 3
       1, 1, 0.0
       1, 2, 0.0
       1, 3, 0.0
      42, 1, 0.0
      42, 2, 0.0
      42, 3, 0.0
      83, 1, 0.0
      83, 2, 0.0
      83, 3, 0.0
     124, 1, 0.0
     124, 2, 0.0
     124, 3, 0.0
     165, 1, 0.0
     165, 2, 0.0
     165, 3, 0.0
     206, 1, 0.0
     206, 2, 0.0
     206, 3, 0.0
     247, 1, 0.0
     247, 2, 0.0
     247, 3, 0.0
     288, 1, 0.0
     288, 2, 0.0
     288, 3, 0.0
     329, 1, 0.0
     329, 2, 0.0
     329, 3, 0.0
     370, 1, 0.0
     370, 2, 0.0
     370, 3, 0.0
     411, 1, 0.0
     411, 2, 0.0
     411, 3, 0.0
     452, 1, 0.0
     452, 2, 0.0
     452, 3, 0.0
     493, 1, 0.0
     493, 2, 0.0
     493, 3, 0.0
     534, 1, 0.0
     534, 2, 0.0
     534, 3, 0.0
     575, 1, 0.0
     575, 2, 0.0
     575, 3, 0.0
     616, 1, 0.0
     616, 2, 0.0
     616, 3, 0.0
     657, 1, 0.0
     657, 2, 0.0
     657, 3, 0.0
     698, 1, 0.0
     698, 2, 0.0
     698, 3, 0.0
     739, 1, 0.0
     739, 2, 0.0
     739, 3, 0.0
     780, 1, 0.0
     780, 2, 0.0
     780, 3, 0.0
     821, 1, 0.0
     821, 2, 0.0
     821, 3, 0.0
     862, 1, 0.0
     862, 2, 0.0
     862, 3, 0.0
     903, 1, 0.0
     903, 2, 0.0
     903, 3, 0.0
     944, 1, 0.0
     944, 2, 0.0
     944, 3, 0.0
     985, 1, 0.0
     985, 2, 0.0
     985, 3, 0.0
    1026, 1, 0.0
    1026, 2, 0.0
    1026, 3, 0.0
    1067, 1, 0.0
    1067, 2, 0.0
    1067, 3, 0.0
    1108, 1, 0.0
    1108, 2, 0.0
    1108, 3, 0.0
    1149, 1, 0.0
    1149, 2, 0.0
    1149, 3, 0.0
    1190, 1, 0.0
    1190, 2, 0.0
    1190, 3, 0.0
    1231, 1, 0.0
    1231, 2, 0.0
    1231, 3, 0.0
    1272, 1, 0.0
    1272, 2, 0.0
    1272, 3, 0.0
    1313, 1, 0.0
    1313, 2, 0.0
    1313, 3, 0.0
    1354, 1, 0.0
    1354, 2, 0.0
    1354, 3, 0.0
    1395, 1, 0.0
    1395, 2, 0.0
    1395, 3, 0.0
    1436, 1, 0.0
    1436, 2, 0.0
    1436, 3, 0.0
    1477, 1, 0.0
    1477, 2, 0.0
    1477, 3, 0.0
    1518, 1, 0.0
    1518, 2, 0.0
    1518, 3, 0.0
    1559, 1, 0.0
    1559, 2, 0.0
    1559, 3, 0.0
    1600, 1, 0.0
    1600, 2, 0.0
    1600, 3, 0.0
    1641, 1, 0.0
    1641, 2, 0.0
    1641, 3, 0.0
    1682, 1, 0.0
    1682, 2, 0.0
    1682, 3, 0.0
    1723, 1, 0.0
    1723, 2, 0.0
    1723, 3, 0.0
    1764, 1, 0.0
    1764, 2, 0.0
    1764, 3, 0.0
    1805, 1, 0.0
    1805, 2, 0.0
    1805, 3, 0.0
    1846, 1, 0.0
    1846, 2, 0.0
    1846, 3, 0.0
    1887, 1, 0.0
    1887, 2, 0.0
    1887, 3, 0.0
    1928, 1, 0.0
    1928, 2, 0.0
    1928, 3, 0.0
    1969, 1, 0.0
    1969, 2, 0.0
    1969, 3, 0.0
    2010, 1, 0.0
    2010, 2, 0.0
    2010, 3, 0.0
    2051, 1, 0.0
    2051, 2, 0.0
    2051, 3, 0.0
    2092, 1, 0.0
    2092, 2, 0.0
    2092, 3, 0.0
    2133, 1, 0.0
    2133, 2, 0.0
    2133, 3, 0.0
    2174, 1, 0.0
    2174, 2, 0.0
    2174, 3, 0.0
    2215, 1, 0.0
    2215, 2, 0.0
    2215, 3, 0.0
    2256, 1, 0.0
    2256, 2, 0.0
    2256, 3, 0.0
    2297, 1, 0.0
    2297, 2, 0.0
    2297, 3, 0.0
    2338, 1, 0.0
    2338, 2, 0.0
    2338, 3, 0.0
    2379, 1, 0.0
    2379, 2, 0.0
    2379, 3, 0.0
    2420, 1, 0.0
    2420, 2, 0.0
    2420, 3, 0.0
    2461, 1, 0.0
    2461, 2, 0.0
    2461, 3, 0.0
    2502, 1, 0.0
    2502, 2, 0.0
    2502, 3, 0.0
    2543, 1, 0.0
    2543, 2, 0.0
    2543, 3, 0.0
    2584, 1, 0.0
    2584, 2, 0.0
    2584, 3, 0.0
    2625, 1, 0.0
    2625, 2, 0.0
    2625, 3, 0.0
    2666, 1, 0.0
    2666, 2, 0.0
    2666, 3, 0.0
    2707, 1, 0.0
    2707, 2, 0.0
    2707, 3, 0.0
    2748, 1, 0.0
    2748, 2, 0.0
    2748, 3, 0.0
    2789, 1, 0.0
    2789, 2, 0.0
    2789, 3, 0.0
    2830, 1, 0.0
    2830, 2, 0.0
    2830, 3, 0.0
    2871, 1, 0.0
    2871, 2, 0.0
    2871, 3, 0.0
    2912, 1, 0.0
    2912, 2, 0.0
    2912, 3, 0.0
    2953, 1, 0.0
    2953, 2, 0.0
    2953, 3, 0.0
    2994, 1, 0.0
    2994, 2, 0.0
    2994, 3, 0.0
    3035, 1, 0.0
    3035, 2, 0.0
    3035, 3, 0.0
    3076, 1, 0.0
    3076, 2, 0.0
    3076, 3, 0.0
    3117, 1, 0.0
    3117, 2, 0.0
    3117, 3, 0.0
    3158, 1, 0.0
    3158, 2, 0.0
    3158, 3, 0.0
    3199, 1, 0.0
    3199, 2, 0.0
    3199, 3, 0.0
    3240, 1, 0.0
    3240, 2, 0.0
    3240, 3, 0.0
    3281, 1, 0.0
    3281, 2, 0.0
    3281, 3, 0.0
    3322, 1, 0.0
    3322, 2, 0.0
    3322, 3, 0.0
    3363, 1, 0.0
    3363, 2, 0.0
    3363, 3, 0.0
    3404, 1, 0.0
    3404, 2, 0.0
    3404, 3, 0.0
    3445, 1, 0.0
    3445, 2, 0.0
    3445, 3, 0.0
    3486, 1, 0.0
    3486, 2, 0.0
    3486, 3, 0.0
    3527, 1, 0.0
    3527, 2, 0.0
    3527, 3, 0.0
    3568, 1, 0.0
    3568, 2, 0.0
    3568, 3, 0.0
    3609, 1, 0.0
    3609, 2, 0.0
    3609, 3, 0.0
    3650, 1, 0.0
    3650, 2, 0.0
    3650, 3, 0.0
    3691, 1, 0.0
    3691, 2, 0.0
    3691, 3, 0.0
    3732, 1, 0.0
    3732, 2, 0.0
    3732, 3, 0.0
    3773, 1, 0.0
    3773, 2, 0.0
    3773, 3, 0.0
    3814, 1, 0.0
    3814, 2, 0.0
    3814, 3, 0.0
    3855, 1, 0.0
    3855, 2, 0.0
    3855, 3, 0.0
    3896, 1, 0.0
    3896, 2, 0.0
    3896, 3, 0.0
    3937, 1, 0.0
    3937, 2, 0.0
    3937, 3, 0.0
    3978, 1, 0.0
    3978, 2, 0.0
    3978, 3, 0.0
    4019, 1, 0.0
    4019, 2, 0.0
    4019, 3, 0.0
    4060, 1, 0.0
    4060, 2, 0.0
    4060, 3, 0.0
    4101, 1, 0.0
    4101, 2, 0.0
    4101, 3, 0.0
    4142, 1, 0.0
    4142, 2, 0.0
    4142, 3, 0.0
    4183, 1, 0.0
    4183, 2, 0.0
    4183, 3, 0.0
    4224, 1, 0.0
    4224, 2, 0.0
    4224, 3, 0.0
    4265, 1, 0.0
    4265, 2, 0.0
    4265, 3, 0.0
    4306, 1, 0.0
    4306, 2, 0.0
    4306, 3, 0.0
    4347, 1, 0.0
    4347, 2, 0.0
    4347, 3, 0.0
    4388, 1, 0.0
    4388, 2, 0.0
    4388, 3, 0.0
    4429, 1, 0.0
    4429, 2, 0.0
    4429, 3, 0.0
    4470, 1, 0.0
    4470, 2, 0.0
    4470, 3, 0.0
    4511, 1, 0.0
    4511, 2, 0.0
    4511, 3, 0.0
    4552, 1, 0.0
    4552, 2, 0.0
    4552, 3, 0.0
    4593, 1, 0.0
    4593, 2, 0.0
    4593, 3, 0.0
    4634, 1, 0.0
    4634, 2, 0.0
    4634, 3, 0.0
    4675, 1, 0.0
    4675, 2, 0.0
    4675, 3, 0.0
    4716, 1, 0.0
    4716, 2, 0.0
    4716, 3, 0.0
    4757, 1, 0.0
    4757, 2, 0.0
    4757, 3, 0.0
    4798, 1, 0.0
    4798, 2, 0.0
    4798, 3, 0.0
    4839, 1, 0.0
    4839, 2, 0.0
    4839, 3, 0.0
    4880, 1, 0.0
    4880, 2, 0.0
    4880, 3, 0.0
    4921, 1, 0.0
    4921, 2, 0.0
    4921, 3, 0.0
    4962, 1, 0.0
    4962, 2, 0.0
    4962, 3, 0.0
    5003, 1, 0.0
    5003, 2, 0.0
    5003, 3, 0.0
    5044, 1, 0.0
    5044, 2, 0.0
    5044, 3, 0.0
    5085, 1, 0.0
    5085, 2, 0.0
    5085, 3, 0.0
    5126, 1, 0.0
    5126, 2, 0.0
    5126, 3, 0.0
    5167, 1, 0.0
    5167, 2, 0.0
    5167, 3, 0.0
    5208, 1, 0.0
    5208, 2, 0.0
    5208, 3, 0.0
    5249, 1, 0.0
    5249, 2, 0.0
    5249, 3, 0.0
    5290, 1, 0.0
    5290, 2, 0.0
    5290, 3, 0.0
    5331, 1, 0.0
    5331, 2, 0.0
    5331, 3, 0.0
    5372, 1, 0.0
    5372, 2, 0.0
    5372, 3, 0.0
    5413, 1, 0.0
    5413, 2, 0.0
    5413, 3, 0.0
    5454, 1, 0.0
    5454, 2, 0.0
    5454, 3, 0.0
    5495, 1, 0.0
    5495, 2, 0.0
    5495, 3, 0.0
    5536, 1, 0.0
    5536, 2, 0.0
    5536, 3, 0.0
    5577, 1, 0.0
    5577, 2, 0.0
    5577, 3, 0.0
    5618, 1, 0.0
    5618, 2, 0.0
    5618, 3, 0.0
    5659, 1, 0.0
    5659, 2, 0.0
    5659, 3, 0.0
    5700, 1, 0.0
    5700, 2, 0.0
    5700, 3, 0.0
    5741, 1, 0.0
    5741, 2, 0.0
    5741, 3, 0.0
    5782, 1, 0.0
    5782, 2, 0.0
    5782, 3, 0.0
    5823, 1, 0.0
    5823, 2, 0.0
    5823, 3, 0.0
    5864, 1, 0.0
    5864, 2, 0.0
    5864, 3, 0.0
    5905, 1, 0.0
    5905, 2, 0.0
    5905, 3, 0.0
    5946, 1, 0.0
    5946, 2, 0.0
    5946, 3, 0.0
    5987, 1, 0.0
    5987, 2, 0.0
    5987, 3, 0.0
    6028, 1, 0.0
    6028, 2, 0.0
    6028, 3, 0.0
    6069, 1, 0.0
    6069, 2, 0.0
    6069, 3, 0.0
    6110, 1, 0.0
    6110, 2, 0.0
    6110, 3, 0.0
    6151, 1, 0.0
    6151, 2, 0.0
    6151, 3, 0.0
    6192, 1, 0.0
    6192, 2, 0.0
    6192, 3, 0.0
    6233, 1, 0.0
    6233, 2, 0.0
    6233, 3, 0.0
    6274, 1, 0.0
    6274, 2, 0.0
    6274, 3, 0.0
    6315, 1, 0.0
    6315, 2, 0.0
    6315, 3, 0.0
    6356, 1, 0.0
    6356, 2, 0.0
    6356, 3, 0.0
    6397, 1, 0.0
    6397, 2, 0.0
    6397, 3, 0.0
    6438, 1, 0.0
    6438, 2, 0.0
    6438, 3, 0.0
    6479, 1, 0.0
    6479, 2, 0.0
    6479, 3, 0.0
    6520, 1, 0.0
    6520, 2, 0.0
    6520, 3, 0.0
    6561, 1, 0.0
    6561, 2, 0.0
    6561, 3, 0.0
    6602, 1, 0.0
    6602, 2, 0.0
    6602, 3, 0.0
    6643, 1, 0.0
    6643, 2, 0.0
    6643, 3, 0.0
    6684, 1, 0.0
    6684, 2, 0.0
    6684, 3, 0.0
    6725, 1, 0.0
    6725, 2, 0.0
    6725, 3, 0.0
    6766, 1, 0.0
    6766, 2, 0.0
    6766, 3, 0.0
    6807, 1, 0.0
    6807, 2, 0.0
    6807, 3, 0.0
    6848, 1, 0.0
    6848, 2, 0.0
    6848, 3, 0.0
    6889, 1, 0.0
    6889, 2, 0.0
    6889, 3, 0.0
    6930, 1, 0.0
    6930, 2, 0.0
    6930, 3, 0.0
    6971, 1, 0.0
    6971, 2, 0.0
    6971, 3, 0.0
    7012, 1, 0.0
    7012, 2, 0.0
    7012, 3, 0.0
    7053, 1, 0.0
    7053, 2, 0.0
    7053, 3, 0.0
    7094, 1, 0.0
    7094, 2, 0.0
    7094, 3, 0.0
    7135, 1, 0.0
    7135, 2, 0.0
    7135, 3, 0.0
    7176, 1, 0.0
    7176, 2, 0.0
    7176, 3, 0.0
    7217, 1, 0.0
    7217, 2, 0.0
    7217, 3, 0.0
    7258, 1, 0.0
    7258, 2, 0.0
    7258, 3, 0.0
    7299, 1, 0.0
    7299, 2, 0.0
    7299, 3, 0.0
    7340, 1, 0.0
    7340, 2, 0.0
    7340, 3, 0.0
    7381, 1, 0.0
    7381, 2, 0.0
    7381, 3, 0.0
    7422, 1, 0.0
    7422, 2, 0.0
    7422, 3, 0.0
    7463, 1, 0.0
    7463, 2, 0.0
    7463, 3, 0.0
    7504, 1, 0.0
    7504, 2, 0.0
    7504, 3, 0.0
    7545, 1, 0.0
    7545, 2, 0.0
    7545, 3, 0.0
    7586, 1, 0.0
    7586, 2, 0.0
    7586, 3, 0.0
    7627, 1, 0.0
    7627, 2, 0.0
    7627, 3, 0.0
    7668, 1, 0.0
    7668, 2, 0.0
    7668, 3, 0.0
    7709, 1, 0.0
    7709, 2, 0.0
    7709, 3, 0.0
    7750, 1, 0.0
    7750, 2, 0.0
    7750, 3, 0.0
    7791, 1, 0.0
    7791, 2, 0.0
    7791, 3, 0.0
    7832, 1, 0.0
    7832, 2, 0.0
    7832, 3, 0.0
    7873, 1, 0.0
    7873, 2, 0.0
    7873, 3, 0.0
    7914, 1, 0.0
    7914, 2, 0.0
    7914, 3, 0.0
    7955, 1, 0.0
    7955, 2, 0.0
    7955, 3, 0.0
    7996, 1, 0.0
    7996, 2, 0.0
    7996, 3, 0.0
    8037, 1, 0.0
    8037, 2, 0.0
    8037, 3, 0.0
    8078, 1, 0.0
    8078, 2, 0.0
    8078, 3, 0.0
    8119, 1, 0.0
    8119, 2, 0.0
    8119, 3, 0.0
    8160, 1, 0.0
    8160, 2, 0.0
    8160, 3, 0.0
    8201, 1, 0.0
    8201, 2, 0.0
    8201, 3, 0.0
    8242, 1, 0.0
    8242, 2, 0.0
    8242, 3, 0.0
    8283, 1, 0.0
    8283, 2, 0.0
    8283, 3, 0.0
    8324, 1, 0.0
    8324, 2, 0.0
    8324, 3, 0.0
    8365, 1, 0.0
    8365, 2, 0.0
    8365, 3, 0.0
    8406, 1, 0.0
    8406, 2, 0.0
    8406, 3, 0.0
    8447, 1, 0.0
    8447, 2, 0.0
    8447, 3, 0.0
    8488, 1, 0.0
    8488, 2, 0.0
    8488, 3, 0.0
    8529, 1, 0.0
    8529, 2, 0.0
    8529, 3, 0.0
    8570, 1, 0.0
    8570, 2, 0.0
    8570, 3, 0.0
    8611, 1, 0.0
    8611, 2, 0.0
    8611, 3, 0.0
    8652, 1, 0.0
    8652, 2, 0.0
    8652, 3, 0.0
    8693, 1, 0.0
    8693, 2, 0.0
    8693, 3, 0.0
    8734, 1, 0.0
    8734, 2, 0.0
    8734, 3, 0.0
    8775, 1, 0.0
    8775, 2, 0.0
    8775, 3, 0.0
    8816, 1, 0.0
    8816, 2, 0.0
    8816, 3, 0.0
    8857, 1, 0.0
    8857, 2, 0.0
    8857, 3, 0.0
    8898, 1, 0.0
    8898, 2, 0.0
    8898, 3, 0.0
    8939, 1, 0.0
    8939, 2, 0.0
    8939, 3, 0.0
    8980, 1, 0.0
    8980, 2, 0.0
    8980, 3, 0.0
    9021, 1, 0.0
    9021, 2, 0.0
    9021, 3, 0.0
    9062, 1, 0.0
    9062, 2, 0.0
    9062, 3, 0.0
    9103, 1, 0.0
    9103, 2, 0.0
    9103, 3, 0.0
    9144, 1, 0.0
    9144, 2, 0.0
    9144, 3, 0.0
    9185, 1, 0.0
    9185, 2, 0.0
    9185, 3, 0.0
    9226, 1, 0.0
    9226, 2, 0.0
    9226, 3, 0.0
    9267, 1, 0.0
    9267, 2, 0.0
    9267, 3, 0.0
    9308, 1, 0.0
    9308, 2, 0.0
    9308, 3, 0.0
    9349, 1, 0.0
    9349, 2, 0.0
    9349, 3, 0.0
    9390, 1, 0.0
    9390, 2, 0.0
    9390, 3, 0.0
    9431, 1, 0.0
    9431, 2, 0.0
    9431, 3, 0.0
    9472, 1, 0.0
    9472, 2, 0.0
    9472, 3, 0.0
    9513, 1, 0.0
    9513, 2, 0.0
    9513, 3, 0.0
    9554, 1, 0.0
    9554, 2, 0.0
    9554, 3, 0.0
    9595, 1, 0.0
    9595, 2, 0.0
    9595, 3, 0.0
    9636, 1, 0.0
    9636, 2, 0.0
    9636, 3, 0.0
    9677, 1, 0.0
    9677, 2, 0.0
    9677, 3, 0.0
    9718, 1, 0.0
    9718, 2, 0.0
    9718, 3, 0.0
    9759, 1, 0.0
    9759, 2, 0.0
    9759, 3, 0.0
    9800, 1, 0.0
    9800, 2, 0.0
    9800, 3, 0.0
    9841, 1, 0.0
    9841, 2, 0.0
    9841, 3, 0.0
    9882, 1, 0.0
    9882, 2, 0.0
    9882, 3, 0.0
    9923, 1, 0.0
    9923, 2, 0.0
    9923, 3, 0.0
    9964, 1, 0.0
    9964, 2, 0.0
    9964, 3, 0.0
   10005, 1, 0.0
   10005, 2, 0.0
   10005, 3, 0.0
   10046, 1, 0.0
   10046, 2, 0.0
   10046, 3, 0.0
   10087, 1, 0.0
   10087, 2, 0.0
   10087, 3, 0.0
   10128, 1, 0.0
   10128, 2, 0.0
   10128, 3, 0.0
   10169, 1, 0.0
   10169, 2, 0.0
   10169, 3, 0.0
   10210, 1, 0.0
   10210, 2, 0.0
   10210, 3, 0.0
   10251, 1, 0.0
   10251, 2, 0.0
   10251, 3, 0.0
   10292, 1, 0.0
   10292, 2, 0.0
   10292, 3, 0.0
   10333, 1, 0.0
   10333, 2, 0.0
   10333, 3, 0.0
   10374, 1, 0.0
   10374, 2, 0.0
   10374, 3, 0.0
   10415, 1, 0.0
   10415, 2, 0.0
   10415, 3, 0.0
   10456, 1, 0.0
   10456, 2, 0.0
   10456, 3, 0.0
   10497, 1, 0.0
   10497, 2, 0.0
   10497, 3, 0.0
   10538, 1, 0.0
   10538, 2, 0.0
   10538, 3, 0.0
   10579, 1, 0.0
   10579, 2, 0.0
   10579, 3, 0.0
   10620, 1, 0.0
   10620, 2, 0.0
   10620, 3, 0.0
   10661, 1, 0.0
   10661, 2, 0.0
   10661, 3, 0.0
   10702, 1, 0.0
   10702, 2, 0.0
   10702, 3, 0.0
   10743, 1, 0.0
   10743, 2, 0.0
   10743, 3, 0.0
   10784, 1, 0.0
   10784, 2, 0.0
   10784, 3, 0.0
   10825, 1, 0.0
   10825, 2, 0.0
   10825, 3, 0.0
   10866, 1, 0.0
   10866, 2, 0.0
   10866, 3, 0.0
   10907, 1, 0.0
   10907, 2, 0.0
   10907, 3, 0.0
   10948, 1, 0.0
   10948, 2, 0.0
   10948, 3, 0.0
   10989, 1, 0.0
   10989, 2, 0.0
   10989, 3, 0.0
   11030, 1, 0.0
   11030, 2, 0.0
   11030, 3, 0.0
   11071, 1, 0.0
   11071, 2, 0.0
   11071, 3, 0.0
   11112, 1, 0.0
   11112, 2, 0.0
   11112, 3, 0.0
   11153, 1, 0.0
   11153, 2, 0.0
   11153, 3, 0.0
   11194, 1, 0.0
   11194, 2, 0.0
   11194, 3, 0.0
   11235, 1, 0.0
   11235, 2, 0.0
   11235, 3, 0.0
   11276, 1, 0.0
   11276, 2, 0.0
   11276, 3, 0.0
   11317, 1, 0.0
   11317, 2, 0.0
   11317, 3, 0.0
   11358, 1, 0.0
   11358, 2, 0.0
   11358, 3, 0.0
   11399, 1, 0.0
   11399, 2, 0.0
   11399, 3, 0.0
   11440, 1, 0.0
   11440, 2, 0.0
   11440, 3, 0.0
   11481, 1, 0.0
   11481, 2, 0.0
   11481, 3, 0.0
   11522, 1, 0.0
   11522, 2, 0.0
   11522, 3, 0.0
   11563, 1, 0.0
   11563, 2, 0.0
   11563, 3, 0.0
   11604, 1, 0.0
   11604, 2, 0.0
   11604, 3, 0.0
   11645, 1, 0.0
   11645, 2, 0.0
   11645, 3, 0.0
   11686, 1, 0.0
   11686, 2, 0.0
   11686, 3, 0.0
   11727, 1, 0.0
   11727, 2, 0.0
   11727, 3, 0.0
   11768, 1, 0.0
   11768, 2, 0.0
   11768, 3, 0.0
   11809, 1, 0.0
   11809, 2, 0.0
   11809, 3, 0.0
   11850, 1, 0.0
   11850, 2, 0.0
   11850, 3, 0.0
   11891, 1, 0.0
   11891, 2, 0.0
   11891, 3, 0.0
   11932, 1, 0.0
   11932, 2, 0.0
   11932, 3, 0.0
   11973, 1, 0.0
   11973, 2, 0.0
   11973, 3, 0.0
   12014, 1, 0.0
   12014, 2, 0.0
   12014, 3, 0.0
   12055, 1, 0.0
   12055, 2, 0.0
   12055, 3, 0.0
   12096, 1, 0.0
   12096, 2, 0.0
   12096, 3, 0.0
   12137, 1, 0.0
   12137, 2, 0.0
   12137, 3, 0.0
   12178, 1, 0.0
   12178, 2, 0.0
   12178, 3, 0.0
   12219, 1, 0.0
   12219, 2, 0.0
   12219, 3, 0.0
   12260, 1, 0.0
   12260, 2, 0.0
   12260, 3, 0.0
   12301, 1, 0.0
   12301, 2, 0.0
   12301, 3, 0.0
   12342, 1, 0.0
   12342, 2, 0.0
   12342, 3, 0.0
   12383, 1, 0.0
   12383, 2, 0.0
   12383, 3, 0.0
   12424, 1, 0.0
   12424, 2, 0.0
   12424, 3, 0.0
   12465, 1, 0.0
   12465, 2, 0.0
   12465, 3, 0.0
   12506, 1, 0.0
   12506, 2, 0.0
   12506, 3, 0.0
   12547, 1, 0.0
   12547, 2, 0.0
   12547, 3, 0.0
   12588, 1, 0.0
   12588, 2, 0.0
   12588, 3, 0.0
   12629, 1, 0.0
   12629, 2, 0.0
   12629, 3, 0.0
   12670, 1, 0.0
   12670, 2, 0.0
   12670, 3, 0.0
   12711, 1, 0.0
   12711, 2, 0.0
   12711, 3, 0.0
   12752, 1, 0.0
   12752, 2, 0.0
   12752, 3, 0.0
   12793, 1, 0.0
   12793, 2, 0.0
   12793, 3, 0.0
   12834, 1, 0.0
   12834, 2, 0.0
   12834, 3, 0.0
   12875, 1, 0.0
   12875, 2, 0.0
   12875, 3, 0.0
   12916, 1, 0.0
   12916, 2, 0.0
   12916, 3, 0.0
   12957, 1, 0.0
   12957, 2, 0.0
   12957, 3, 0.0
   12998, 1, 0.0
   12998, 2, 0.0
   12998, 3, 0.0
   13039, 1, 0.0
   13039, 2, 0.0
   13039, 3, 0.0
   13080, 1, 0.0
   13080, 2, 0.0
   13080, 3, 0.0
   13121, 1, 0.0
   13121, 2, 0.0
   13121, 3, 0.0
   13162, 1, 0.0
   13162, 2, 0.0
   13162, 3, 0.0
   13203, 1, 0.0
   13203, 2, 0.0
   13203, 3, 0.0
   13244, 1, 0.0
   13244, 2, 0.0
   13244, 3, 0.0
   13285, 1, 0.0
   13285, 2, 0.0
   13285, 3, 0.0
   13326, 1, 0.0
   13326, 2, 0.0
   13326, 3, 0.0
   13367, 1, 0.0
   13367, 2, 0.0
   13367, 3, 0.0
   13408, 1, 0.0
   13408, 2, 0.0
   13408, 3, 0.0
   13449, 1, 0.0
   13449, 2, 0.0
   13449, 3, 0.0
   13490, 1, 0.0
   13490, 2, 0.0
   13490, 3, 0.0
   13531, 1, 0.0
   13531, 2, 0.0
   13531, 3, 0.0
   13572, 1, 0.0
   13572, 2, 0.0
   13572, 3, 0.0
   13613, 1, 0.0
   13613, 2, 0.0
   13613, 3, 0.0
   13654, 1, 0.0
   13654, 2, 0.0
   13654, 3, 0.0
   13695, 1, 0.0
   13695, 2, 0.0
   13695, 3, 0.0
   13736, 1, 0.0
   13736, 2, 0.0
   13736, 3, 0.0
   13777, 1, 0.0
   13777, 2, 0.0
   13777, 3, 0.0
   13818, 1, 0.0
   13818, 2, 0.0
   13818, 3, 0.0
   13859, 1, 0.0
   13859, 2, 0.0
   13859, 3, 0.0
   13900, 1, 0.0
   13900, 2, 0.0
   13900, 3, 0.0
   13941, 1, 0.0
   13941, 2, 0.0
   13941, 3, 0.0
   13982, 1, 0.0
   13982, 2, 0.0
   13982, 3, 0.0
   14023, 1, 0.0
   14023, 2, 0.0
   14023, 3, 0.0
   14064, 1, 0.0
   14064, 2, 0.0
   14064, 3, 0.0
   14105, 1, 0.0
   14105, 2, 0.0
   14105, 3, 0.0
   14146, 1, 0.0
   14146, 2, 0.0
   14146, 3, 0.0
   14187, 1, 0.0
   14187, 2, 0.0
   14187, 3, 0.0
   14228, 1, 0.0
   14228, 2, 0.0
   14228, 3, 0.0
   14269, 1, 0.0
   14269, 2, 0.0
   14269, 3, 0.0
   14310, 1, 0.0
   14310, 2, 0.0
   14310, 3, 0.0
   14351, 1, 0.0
   14351, 2, 0.0
   14351, 3, 0.0
   14392, 1, 0.0
   14392, 2, 0.0
   14392, 3, 0.0
   14433, 1, 0.0
   14433, 2, 0.0
   14433, 3, 0.0
   14474, 1, 0.0
   14474, 2, 0.0
   14474, 3, 0.0
   14515, 1, 0.0
   14515, 2, 0.0
   14515, 3, 0.0
   14556, 1, 0.0
   14556, 2, 0.0
   14556, 3, 0.0
   14597, 1, 0.0
   14597, 2, 0.0
   14597, 3, 0.0
   14638, 1, 0.0
   14638, 2, 0.0
   14638, 3, 0.0
   14679, 1, 0.0
   14679, 2, 0.0
   14679, 3, 0.0
   14720, 1, 0.0
   14720, 2, 0.0
   14720, 3, 0.0
   14761, 1, 0.0
   14761, 2, 0.0
   14761, 3, 0.0
   14802, 1, 0.0
   14802, 2, 0.0
   14802, 3, 0.0
   14843, 1, 0.0
   14843, 2, 0.0
   14843, 3, 0.0
   14884, 1, 0.0
   14884, 2, 0.0
   14884, 3, 0.0
   14925, 1, 0.0
   14925, 2, 0.0
   14925, 3, 0.0
   14966, 1, 0.0
   14966, 2, 0.0
   14966, 3, 0.0
   15007, 1, 0.0
   15007, 2, 0.0
   15007, 3, 0.0
   15048, 1, 0.0
   15048, 2, 0.0
   15048, 3, 0.0
   15089, 1, 0.0
   15089, 2, 0.0
   15089, 3, 0.0
   15130, 1, 0.0
   15130, 2, 0.0
   15130, 3, 0.0
   15171, 1, 0.0
   15171, 2, 0.0
   15171, 3, 0.0
   15212, 1, 0.0
   15212, 2, 0.0
   15212, 3, 0.0
   15253, 1, 0.0
   15253, 2, 0.0
   15253, 3, 0.0
   15294, 1, 0.0
   15294, 2, 0.0
   15294, 3, 0.0
   15335, 1, 0.0
   15335, 2, 0.0
   15335, 3, 0.0
   15376, 1, 0.0
   15376, 2, 0.0
   15376, 3, 0.0
   15417, 1, 0.0
   15417, 2, 0.0
   15417, 3, 0.0
   15458, 1, 0.0
   15458, 2, 0.0
   15458, 3, 0.0
   15499, 1, 0.0
   15499, 2, 0.0
   15499, 3, 0.0
   15540, 1, 0.0
   15540, 2, 0.0
   15540, 3, 0.0
   15581, 1, 0.0
   15581, 2, 0.0
   15581, 3, 0.0
   15622, 1, 0.0
   15622, 2, 0.0
   15622, 3, 0.0
   15663, 1, 0.0
   15663, 2, 0.0
   15663, 3, 0.0
   15704, 1, 0.0
   15704, 2, 0.0
   15704, 3, 0.0
   15745, 1, 0.0
   15745, 2, 0.0
   15745, 3, 0.0
   15786, 1, 0.0
   15786, 2, 0.0
   15786, 3, 0.0
   15827, 1, 0.0
   15827, 2, 0.0
   15827, 3, 0.0
   15868, 1, 0.0
   15868, 2, 0.0
   15868, 3, 0.0
   15909, 1, 0.0
   15909, 2, 0.0
   15909, 3, 0.0
   15950, 1, 0.0
   15950, 2, 0.0
   15950, 3, 0.0
   15991, 1, 0.0
   15991, 2, 0.0
   15991, 3, 0.0
   16032, 1, 0.0
   16032, 2, 0.0
   16032, 3, 0.0
   16073, 1, 0.0
   16073, 2, 0.0
   16073, 3, 0.0
   16114, 1, 0.0
   16114, 2, 0.0
   16114, 3, 0.0
   16155, 1, 0.0
   16155, 2, 0.0
   16155, 3, 0.0
   16196, 1, 0.0
   16196, 2, 0.0
   16196, 3, 0.0
   16237, 1, 0.0
   16237, 2, 0.0
   16237, 3, 0.0
   16278, 1, 0.0
   16278, 2, 0.0
   16278, 3, 0.0
   16319, 1, 0.0
   16319, 2, 0.0
   16319, 3, 0.0
   16360, 1, 0.0
   16360, 2, 0.0
   16360, 3, 0.0
   16401, 1, 0.0
   16401, 2, 0.0
   16401, 3, 0.0
   16442, 1, 0.0
   16442, 2, 0.0
   16442, 3, 0.0
   16483, 1, 0.0
   16483, 2, 0.0
   16483, 3, 0.0
   16524, 1, 0.0
   16524, 2, 0.0
   16524, 3, 0.0
   16565, 1, 0.0
   16565, 2, 0.0
   16565, 3, 0.0
   16606, 1, 0.0
   16606, 2, 0.0
   16606, 3, 0.0
   16647, 1, 0.0
   16647, 2, 0.0
   16647, 3, 0.0
   16688, 1, 0.0
   16688, 2, 0.0
   16688, 3, 0.0
   16729, 1, 0.0
   16729, 2, 0.0
   16729, 3, 0.0
   16770, 1, 0.0
   16770, 2, 0.0
   16770, 3, 0.0
   16811, 1, 0.0
   16811, 2, 0.0
   16811, 3, 0.0
   16852, 1, 0.0
   16852, 2, 0.0
   16852, 3, 0.0
   16893, 1, 0.0
   16893, 2, 0.0
   16893, 3, 0.0
   16934, 1, 0.0
   16934, 2, 0.0
   16934, 3, 0.0
   16975, 1, 0.0
   16975, 2, 0.0
   16975, 3, 0.0
   17016, 1, 0.0
   17016, 2, 0.0
   17016, 3, 0.0
   17057, 1, 0.0
   17057, 2, 0.0
   17057, 3, 0.0
   17098, 1, 0.0
   17098, 2, 0.0
   17098, 3, 0.0
   17139, 1, 0.0
   17139, 2, 0.0
   17139, 3, 0.0
   17180, 1, 0.0
   17180, 2, 0.0
   17180, 3, 0.0
   17221, 1, 0.0
   17221, 2, 0.0
   17221, 3, 0.0
   17262, 1, 0.0
   17262, 2, 0.0
   17262, 3, 0.0
   17303, 1, 0.0
   17303, 2, 0.0
   17303, 3, 0.0
   17344, 1, 0.0
   17344, 2, 0.0
   17344, 3, 0.0
   17385, 1, 0.0
   17385, 2, 0.0
   17385, 3, 0.0
   17426, 1, 0.0
   17426, 2, 0.0
   17426, 3, 0.0
   17467, 1, 0.0
   17467, 2, 0.0
   17467, 3, 0.0
   17508, 1, 0.0
   17508, 2, 0.0
   17508, 3, 0.0
   17549, 1, 0.0
   17549, 2, 0.0
   17549, 3, 0.0
   17590, 1, 0.0
   17590, 2, 0.0
   17590, 3, 0.0
   17631, 1, 0.0
   17631, 2, 0.0
   17631, 3, 0.0
   17672, 1, 0.0
   17672, 2, 0.0
   17672, 3, 0.0
   17713, 1, 0.0
   17713, 2, 0.0
   17713, 3, 0.0
   17754, 1, 0.0
   17754, 2, 0.0
   17754, 3, 0.0
   17795, 1, 0.0
   17795, 2, 0.0
   17795, 3, 0.0
   17836, 1, 0.0
   17836, 2, 0.0
   17836, 3, 0.0
   17877, 1, 0.0
   17877, 2, 0.0
   17877, 3, 0.0
   17918, 1, 0.0
   17918, 2, 0.0
   17918, 3, 0.0
   17959, 1, 0.0
   17959, 2, 0.0
   17959, 3, 0.0
   18000, 1, 0.0
   18000, 2, 0.0
   18000, 3, 0.0
   18041, 1, 0.0
   18041, 2, 0.0
   18041, 3, 0.0
   18082, 1, 0.0
   18082, 2, 0.0
   18082, 3, 0.0
   18123, 1, 0.0
   18123, 2, 0.0
   18123, 3, 0.0
   18164, 1, 0.0
   18164, 2, 0.0
   18164, 3, 0.0
   18205, 1, 0.0
   18205, 2, 0.0
   18205, 3, 0.0
   18246, 1, 0.0
   18246, 2, 0.0
   18246, 3, 0.0
   18287, 1, 0.0
   18287, 2, 0.0
   18287, 3, 0.0
   18328, 1, 0.0
   18328, 2, 0.0
   18328, 3, 0.0
   18369, 1, 0.0
   18369, 2, 0.0
   18369, 3, 0.0
   18410, 1, 0.0
   18410, 2, 0.0
   18410, 3, 0.0
   18451, 1, 0.0
   18451, 2, 0.0
   18451, 3, 0.0
